stationId,durCode,SENSOR_NUM,sensorType,date,obsDate,value,dataFlag,units
TUM,D,2,RAIN,2009-10-1 00:00,2009-10-1 00:00,0.13, ,INCHES
TUM,D,2,RAIN,2009-10-2 00:00,2009-10-2 00:00,0.13, ,INCHES
TUM,D,2,RAIN,2009-10-3 00:00,2009-10-3 00:00,0.13, ,INCHES
TUM,D,2,RAIN,2009-10-4 00:00,2009-10-4 00:00,0.13, ,INCHES
TUM,D,2,RAIN,2009-10-5 00:00,2009-10-5 00:00,0.26, ,INCHES
TUM,D,2,RAIN,2009-10-6 00:00,2009-10-6 00:00,0.26, ,INCHES
TUM,D,2,RAIN,2009-10-7 00:00,2009-10-7 00:00,0.26, ,INCHES
TUM,D,2,RAIN,2009-10-8 00:00,2009-10-8 00:00,0.26, ,INCHES
TUM,D,2,RAIN,2009-10-9 00:00,2009-10-9 00:00,0.26, ,INCHES
TUM,D,2,RAIN,2009-10-10 00:00,2009-10-10 00:00,0.26, ,INCHES
TUM,D,2,RAIN,2009-10-11 00:00,2009-10-11 00:00,0.26, ,INCHES
TUM,D,2,RAIN,2009-10-12 00:00,2009-10-12 00:00,0.26, ,INCHES
TUM,D,2,RAIN,2009-10-13 00:00,2009-10-13 00:00,4.53, ,INCHES
TUM,D,2,RAIN,2009-10-14 00:00,2009-10-14 00:00,5.73, ,INCHES
TUM,D,2,RAIN,2009-10-15 00:00,2009-10-15 00:00,5.73, ,INCHES
TUM,D,2,RAIN,2009-10-16 00:00,2009-10-16 00:00,5.73, ,INCHES
TUM,D,2,RAIN,2009-10-17 00:00,2009-10-17 00:00,5.73, ,INCHES
TUM,D,2,RAIN,2009-10-18 00:00,2009-10-18 00:00,5.86, ,INCHES
TUM,D,2,RAIN,2009-10-19 00:00,2009-10-19 00:00,5.86, ,INCHES
TUM,D,2,RAIN,2009-10-20 00:00,2009-10-20 00:00,5.86, ,INCHES
TUM,D,2,RAIN,2009-10-21 00:00,2009-10-21 00:00,6.0, ,INCHES
TUM,D,2,RAIN,2009-10-22 00:00,2009-10-22 00:00,6.0, ,INCHES
TUM,D,2,RAIN,2009-10-23 00:00,2009-10-23 00:00,6.0, ,INCHES
TUM,D,2,RAIN,2009-10-24 00:00,2009-10-24 00:00,6.0, ,INCHES
TUM,D,2,RAIN,2009-10-25 00:00,2009-10-25 00:00,6.0, ,INCHES
TUM,D,2,RAIN,2009-10-26 00:00,2009-10-26 00:00,6.0, ,INCHES
TUM,D,2,RAIN,2009-10-27 00:00,2009-10-27 00:00,6.0, ,INCHES
TUM,D,2,RAIN,2009-10-28 00:00,2009-10-28 00:00,6.0, ,INCHES
TUM,D,2,RAIN,2009-10-29 00:00,2009-10-29 00:00,6.14, ,INCHES
TUM,D,2,RAIN,2009-10-30 00:00,2009-10-30 00:00,6.14, ,INCHES
TUM,D,2,RAIN,2009-10-31 00:00,2009-10-31 00:00,6.14, ,INCHES
TUM,D,2,RAIN,2009-11-1 00:00,2009-11-1 00:00,6.14, ,INCHES
TUM,D,2,RAIN,2009-11-2 00:00,2009-11-2 00:00,6.14, ,INCHES
TUM,D,2,RAIN,2009-11-3 00:00,2009-11-3 00:00,6.14, ,INCHES
TUM,D,2,RAIN,2009-11-4 00:00,2009-11-4 00:00,6.14, ,INCHES
TUM,D,2,RAIN,2009-11-5 00:00,2009-11-5 00:00,6.14, ,INCHES
TUM,D,2,RAIN,2009-11-6 00:00,2009-11-6 00:00,6.14, ,INCHES
TUM,D,2,RAIN,2009-11-7 00:00,2009-11-7 00:00,6.14, ,INCHES
TUM,D,2,RAIN,2009-11-8 00:00,2009-11-8 00:00,6.14, ,INCHES
TUM,D,2,RAIN,2009-11-9 00:00,2009-11-9 00:00,6.14, ,INCHES
TUM,D,2,RAIN,2009-11-10 00:00,2009-11-10 00:00,6.14, ,INCHES
TUM,D,2,RAIN,2009-11-11 00:00,2009-11-11 00:00,6.14, ,INCHES
TUM,D,2,RAIN,2009-11-12 00:00,2009-11-12 00:00,6.41, ,INCHES
TUM,D,2,RAIN,2009-11-13 00:00,2009-11-13 00:00,6.41, ,INCHES
TUM,D,2,RAIN,2009-11-14 00:00,2009-11-14 00:00,6.41, ,INCHES
TUM,D,2,RAIN,2009-11-15 00:00,2009-11-15 00:00,6.41, ,INCHES
TUM,D,2,RAIN,2009-11-16 00:00,2009-11-16 00:00,6.41, ,INCHES
TUM,D,2,RAIN,2009-11-17 00:00,2009-11-17 00:00,6.41, ,INCHES
TUM,D,2,RAIN,2009-11-18 00:00,2009-11-18 00:00,6.41, ,INCHES
TUM,D,2,RAIN,2009-11-19 00:00,2009-11-19 00:00,6.41, ,INCHES
TUM,D,2,RAIN,2009-11-20 00:00,2009-11-20 00:00,6.41, ,INCHES
TUM,D,2,RAIN,2009-11-21 00:00,2009-11-21 00:00,6.41, ,INCHES
TUM,D,2,RAIN,2009-11-22 00:00,2009-11-22 00:00,6.54, ,INCHES
TUM,D,2,RAIN,2009-11-23 00:00,2009-11-23 00:00,6.54, ,INCHES
TUM,D,2,RAIN,2009-11-24 00:00,2009-11-24 00:00,6.54, ,INCHES
TUM,D,2,RAIN,2009-11-25 00:00,2009-11-25 00:00,6.54, ,INCHES
TUM,D,2,RAIN,2009-11-26 00:00,2009-11-26 00:00,6.54, ,INCHES
TUM,D,2,RAIN,2009-11-27 00:00,2009-11-27 00:00,6.81, ,INCHES
TUM,D,2,RAIN,2009-11-28 00:00,2009-11-28 00:00,7.21, ,INCHES
TUM,D,2,RAIN,2009-11-29 00:00,2009-11-29 00:00,7.21, ,INCHES
TUM,D,2,RAIN,2009-11-30 00:00,2009-11-30 00:00,7.21, ,INCHES
TUM,D,2,RAIN,2009-12-1 00:00,2009-12-1 00:00,7.21, ,INCHES
TUM,D,2,RAIN,2009-12-2 00:00,2009-12-2 00:00,7.21, ,INCHES
TUM,D,2,RAIN,2009-12-3 00:00,2009-12-3 00:00,7.21, ,INCHES
TUM,D,2,RAIN,2009-12-4 00:00,2009-12-4 00:00,7.21, ,INCHES
TUM,D,2,RAIN,2009-12-5 00:00,2009-12-5 00:00,7.21, ,INCHES
TUM,D,2,RAIN,2009-12-6 00:00,2009-12-6 00:00,7.21, ,INCHES
TUM,D,2,RAIN,2009-12-7 00:00,2009-12-7 00:00,7.75, ,INCHES
TUM,D,2,RAIN,2009-12-8 00:00,2009-12-8 00:00,7.75, ,INCHES
TUM,D,2,RAIN,2009-12-9 00:00,2009-12-9 00:00,7.75, ,INCHES
TUM,D,2,RAIN,2009-12-10 00:00,2009-12-10 00:00,7.88, ,INCHES
TUM,D,2,RAIN,2009-12-11 00:00,2009-12-11 00:00,8.41, ,INCHES
TUM,D,2,RAIN,2009-12-12 00:00,2009-12-12 00:00,10.01, ,INCHES
TUM,D,2,RAIN,2009-12-13 00:00,2009-12-13 00:00,10.55, ,INCHES
TUM,D,2,RAIN,2009-12-14 00:00,2009-12-14 00:00,10.55, ,INCHES
TUM,D,2,RAIN,2009-12-15 00:00,2009-12-15 00:00,10.55, ,INCHES
TUM,D,2,RAIN,2009-12-16 00:00,2009-12-16 00:00,10.55, ,INCHES
TUM,D,2,RAIN,2009-12-17 00:00,2009-12-17 00:00,10.55, ,INCHES
TUM,D,2,RAIN,2009-12-18 00:00,2009-12-18 00:00,10.55, ,INCHES
TUM,D,2,RAIN,2009-12-19 00:00,2009-12-19 00:00,10.55, ,INCHES
TUM,D,2,RAIN,2009-12-20 00:00,2009-12-20 00:00,10.55, ,INCHES
TUM,D,2,RAIN,2009-12-21 00:00,2009-12-21 00:00,10.95, ,INCHES
TUM,D,2,RAIN,2009-12-22 00:00,2009-12-22 00:00,10.95, ,INCHES
TUM,D,2,RAIN,2009-12-23 00:00,2009-12-23 00:00,11.08, ,INCHES
TUM,D,2,RAIN,2009-12-24 00:00,2009-12-24 00:00,11.08, ,INCHES
TUM,D,2,RAIN,2009-12-25 00:00,2009-12-25 00:00,11.08, ,INCHES
TUM,D,2,RAIN,2009-12-26 00:00,2009-12-26 00:00,11.08, ,INCHES
TUM,D,2,RAIN,2009-12-27 00:00,2009-12-27 00:00,11.08, ,INCHES
TUM,D,2,RAIN,2009-12-28 00:00,2009-12-28 00:00,11.08, ,INCHES
TUM,D,2,RAIN,2009-12-29 00:00,2009-12-29 00:00,11.35, ,INCHES
TUM,D,2,RAIN,2009-12-30 00:00,2009-12-30 00:00,11.35, ,INCHES
TUM,D,2,RAIN,2009-12-31 00:00,2009-12-31 00:00,11.88, ,INCHES
TUM,D,2,RAIN,2010-1-1 00:00,2010-1-1 00:00,11.88, ,INCHES
TUM,D,2,RAIN,2010-1-2 00:00,2010-1-2 00:00,11.88, ,INCHES
TUM,D,2,RAIN,2010-1-3 00:00,2010-1-3 00:00,11.88, ,INCHES
TUM,D,2,RAIN,2010-1-4 00:00,2010-1-4 00:00,11.88, ,INCHES
TUM,D,2,RAIN,2010-1-5 00:00,2010-1-5 00:00,11.88, ,INCHES
TUM,D,2,RAIN,2010-1-6 00:00,2010-1-6 00:00,12.01, ,INCHES
TUM,D,2,RAIN,2010-1-7 00:00,2010-1-7 00:00,12.01, ,INCHES
TUM,D,2,RAIN,2010-1-8 00:00,2010-1-8 00:00,12.15, ,INCHES
TUM,D,2,RAIN,2010-1-9 00:00,2010-1-9 00:00,12.28, ,INCHES
TUM,D,2,RAIN,2010-1-10 00:00,2010-1-10 00:00,12.41, ,INCHES
TUM,D,2,RAIN,2010-1-11 00:00,2010-1-11 00:00,12.41, ,INCHES
TUM,D,2,RAIN,2010-1-12 00:00,2010-1-12 00:00,12.95, ,INCHES
TUM,D,2,RAIN,2010-1-13 00:00,2010-1-13 00:00,13.61, ,INCHES
TUM,D,2,RAIN,2010-1-14 00:00,2010-1-14 00:00,13.61, ,INCHES
TUM,D,2,RAIN,2010-1-15 00:00,2010-1-15 00:00,13.74, ,INCHES
TUM,D,2,RAIN,2010-1-16 00:00,2010-1-16 00:00,13.74, ,INCHES
TUM,D,2,RAIN,2010-1-17 00:00,2010-1-17 00:00,13.88, ,INCHES
TUM,D,2,RAIN,2010-1-18 00:00,2010-1-18 00:00,14.94, ,INCHES
TUM,D,2,RAIN,2010-1-19 00:00,2010-1-19 00:00,15.48, ,INCHES
TUM,D,2,RAIN,2010-1-20 00:00,2010-1-20 00:00,16.68, ,INCHES
TUM,D,2,RAIN,2010-1-21 00:00,2010-1-21 00:00,17.88, ,INCHES
TUM,D,2,RAIN,2010-1-22 00:00,2010-1-22 00:00,18.28, ,INCHES
TUM,D,2,RAIN,2010-1-23 00:00,2010-1-23 00:00,18.41, ,INCHES
TUM,D,2,RAIN,2010-1-24 00:00,2010-1-24 00:00,18.54, ,INCHES
TUM,D,2,RAIN,2010-1-25 00:00,2010-1-25 00:00,19.21, ,INCHES
TUM,D,2,RAIN,2010-1-26 00:00,2010-1-26 00:00,19.21, ,INCHES
TUM,D,2,RAIN,2010-1-27 00:00,2010-1-27 00:00,19.21, ,INCHES
TUM,D,2,RAIN,2010-1-28 00:00,2010-1-28 00:00,19.21, ,INCHES
TUM,D,2,RAIN,2010-1-29 00:00,2010-1-29 00:00,19.34, ,INCHES
TUM,D,2,RAIN,2010-1-30 00:00,2010-1-30 00:00,19.48, ,INCHES
TUM,D,2,RAIN,2010-1-31 00:00,2010-1-31 00:00,19.48, ,INCHES
TUM,D,2,RAIN,2010-2-1 00:00,2010-2-1 00:00,19.48, ,INCHES
TUM,D,2,RAIN,2010-2-2 00:00,2010-2-2 00:00,19.48, ,INCHES
TUM,D,2,RAIN,2010-2-3 00:00,2010-2-3 00:00,19.48, ,INCHES
TUM,D,2,RAIN,2010-2-4 00:00,2010-2-4 00:00,19.61, ,INCHES
TUM,D,2,RAIN,2010-2-5 00:00,2010-2-5 00:00,20.28, ,INCHES
TUM,D,2,RAIN,2010-2-6 00:00,2010-2-6 00:00,20.54, ,INCHES
TUM,D,2,RAIN,2010-2-7 00:00,2010-2-7 00:00,20.54, ,INCHES
TUM,D,2,RAIN,2010-2-8 00:00,2010-2-8 00:00,20.54, ,INCHES
TUM,D,2,RAIN,2010-2-9 00:00,2010-2-9 00:00,20.54, ,INCHES
TUM,D,2,RAIN,2010-2-10 00:00,2010-2-10 00:00,20.54, ,INCHES
TUM,D,2,RAIN,2010-2-11 00:00,2010-2-11 00:00,20.67, ,INCHES
TUM,D,2,RAIN,2010-2-12 00:00,2010-2-12 00:00,20.67, ,INCHES
TUM,D,2,RAIN,2010-2-13 00:00,2010-2-13 00:00,20.67, ,INCHES
TUM,D,2,RAIN,2010-2-14 00:00,2010-2-14 00:00,20.67, ,INCHES
TUM,D,2,RAIN,2010-2-15 00:00,2010-2-15 00:00,20.67, ,INCHES
TUM,D,2,RAIN,2010-2-16 00:00,2010-2-16 00:00,20.81, ,INCHES
TUM,D,2,RAIN,2010-2-17 00:00,2010-2-17 00:00,20.81, ,INCHES
TUM,D,2,RAIN,2010-2-18 00:00,2010-2-18 00:00,20.81, ,INCHES
TUM,D,2,RAIN,2010-2-19 00:00,2010-2-19 00:00,20.81, ,INCHES
TUM,D,2,RAIN,2010-2-20 00:00,2010-2-20 00:00,20.81, ,INCHES
TUM,D,2,RAIN,2010-2-21 00:00,2010-2-21 00:00,21.21, ,INCHES
TUM,D,2,RAIN,2010-2-22 00:00,2010-2-22 00:00,21.21, ,INCHES
TUM,D,2,RAIN,2010-2-23 00:00,2010-2-23 00:00,21.61, ,INCHES
TUM,D,2,RAIN,2010-2-24 00:00,2010-2-24 00:00,22.67, ,INCHES
TUM,D,2,RAIN,2010-2-25 00:00,2010-2-25 00:00,22.81, ,INCHES
TUM,D,2,RAIN,2010-2-26 00:00,2010-2-26 00:00,24.14, ,INCHES
TUM,D,2,RAIN,2010-2-27 00:00,2010-2-27 00:00,24.81, ,INCHES
TUM,D,2,RAIN,2010-2-28 00:00,2010-2-28 00:00,25.07, ,INCHES
TUM,D,2,RAIN,2010-3-1 00:00,2010-3-1 00:00,25.07, ,INCHES
TUM,D,2,RAIN,2010-3-2 00:00,2010-3-2 00:00,25.07, ,INCHES
TUM,D,2,RAIN,2010-3-3 00:00,2010-3-3 00:00,25.47, ,INCHES
TUM,D,2,RAIN,2010-3-4 00:00,2010-3-4 00:00,25.61, ,INCHES
TUM,D,2,RAIN,2010-3-5 00:00,2010-3-5 00:00,25.61, ,INCHES
TUM,D,2,RAIN,2010-3-6 00:00,2010-3-6 00:00,25.74, ,INCHES
TUM,D,2,RAIN,2010-3-7 00:00,2010-3-7 00:00,25.74, ,INCHES
TUM,D,2,RAIN,2010-3-8 00:00,2010-3-8 00:00,26.01, ,INCHES
TUM,D,2,RAIN,2010-3-9 00:00,2010-3-9 00:00,26.01, ,INCHES
TUM,D,2,RAIN,2010-3-10 00:00,2010-3-10 00:00,26.14, ,INCHES
TUM,D,2,RAIN,2010-3-11 00:00,2010-3-11 00:00,26.14, ,INCHES
TUM,D,2,RAIN,2010-3-12 00:00,2010-3-12 00:00,26.67, ,INCHES
TUM,D,2,RAIN,2010-3-13 00:00,2010-3-13 00:00,26.94, ,INCHES
TUM,D,2,RAIN,2010-3-14 00:00,2010-3-14 00:00,26.94, ,INCHES
TUM,D,2,RAIN,2010-3-15 00:00,2010-3-15 00:00,26.94, ,INCHES
TUM,D,2,RAIN,2010-3-16 00:00,2010-3-16 00:00,27.07, ,INCHES
TUM,D,2,RAIN,2010-3-17 00:00,2010-3-17 00:00,27.07, ,INCHES
TUM,D,2,RAIN,2010-3-18 00:00,2010-3-18 00:00,27.07, ,INCHES
TUM,D,2,RAIN,2010-3-19 00:00,2010-3-19 00:00,27.07, ,INCHES
TUM,D,2,RAIN,2010-3-20 00:00,2010-3-20 00:00,27.07, ,INCHES
TUM,D,2,RAIN,2010-3-21 00:00,2010-3-21 00:00,27.07, ,INCHES
TUM,D,2,RAIN,2010-3-22 00:00,2010-3-22 00:00,27.07, ,INCHES
TUM,D,2,RAIN,2010-3-23 00:00,2010-3-23 00:00,27.07, ,INCHES
TUM,D,2,RAIN,2010-3-24 00:00,2010-3-24 00:00,27.07, ,INCHES
TUM,D,2,RAIN,2010-3-25 00:00,2010-3-25 00:00,27.07, ,INCHES
TUM,D,2,RAIN,2010-3-26 00:00,2010-3-26 00:00,27.07, ,INCHES
TUM,D,2,RAIN,2010-3-27 00:00,2010-3-27 00:00,27.21, ,INCHES
TUM,D,2,RAIN,2010-3-28 00:00,2010-3-28 00:00,27.21, ,INCHES
TUM,D,2,RAIN,2010-3-29 00:00,2010-3-29 00:00,27.21, ,INCHES
TUM,D,2,RAIN,2010-3-30 00:00,2010-3-30 00:00,27.34, ,INCHES
TUM,D,2,RAIN,2010-3-31 00:00,2010-3-31 00:00,27.74, ,INCHES
TUM,D,2,RAIN,2010-4-1 00:00,2010-4-1 00:00,27.74, ,INCHES
TUM,D,2,RAIN,2010-4-2 00:00,2010-4-2 00:00,27.87, ,INCHES
TUM,D,2,RAIN,2010-4-3 00:00,2010-4-3 00:00,27.87, ,INCHES
TUM,D,2,RAIN,2010-4-4 00:00,2010-4-4 00:00,28.14, ,INCHES
TUM,D,2,RAIN,2010-4-5 00:00,2010-4-5 00:00,29.6, ,INCHES
TUM,D,2,RAIN,2010-4-6 00:00,2010-4-6 00:00,29.74, ,INCHES
TUM,D,2,RAIN,2010-4-7 00:00,2010-4-7 00:00,29.87, ,INCHES
TUM,D,2,RAIN,2010-4-8 00:00,2010-4-8 00:00,29.87, ,INCHES
TUM,D,2,RAIN,2010-4-9 00:00,2010-4-9 00:00,29.87, ,INCHES
TUM,D,2,RAIN,2010-4-10 00:00,2010-4-10 00:00,29.87, ,INCHES
TUM,D,2,RAIN,2010-4-11 00:00,2010-4-11 00:00,30.4, ,INCHES
TUM,D,2,RAIN,2010-4-12 00:00,2010-4-12 00:00,30.54, ,INCHES
TUM,D,2,RAIN,2010-4-13 00:00,2010-4-13 00:00,30.54, ,INCHES
TUM,D,2,RAIN,2010-4-14 00:00,2010-4-14 00:00,30.67, ,INCHES
TUM,D,2,RAIN,2010-4-15 00:00,2010-4-15 00:00,30.67, ,INCHES
TUM,D,2,RAIN,2010-4-16 00:00,2010-4-16 00:00,30.8, ,INCHES
TUM,D,2,RAIN,2010-4-17 00:00,2010-4-17 00:00,30.8, ,INCHES
TUM,D,2,RAIN,2010-4-18 00:00,2010-4-18 00:00,30.8, ,INCHES
TUM,D,2,RAIN,2010-4-19 00:00,2010-4-19 00:00,30.8, ,INCHES
TUM,D,2,RAIN,2010-4-20 00:00,2010-4-20 00:00,31.2, ,INCHES
TUM,D,2,RAIN,2010-4-21 00:00,2010-4-21 00:00,31.47, ,INCHES
TUM,D,2,RAIN,2010-4-22 00:00,2010-4-22 00:00,31.6, ,INCHES
TUM,D,2,RAIN,2010-4-23 00:00,2010-4-23 00:00,31.74, ,INCHES
TUM,D,2,RAIN,2010-4-24 00:00,2010-4-24 00:00,31.74, ,INCHES
TUM,D,2,RAIN,2010-4-25 00:00,2010-4-25 00:00,31.87, ,INCHES
TUM,D,2,RAIN,2010-4-26 00:00,2010-4-26 00:00,31.87, ,INCHES
TUM,D,2,RAIN,2010-4-27 00:00,2010-4-27 00:00,32.0, ,INCHES
TUM,D,2,RAIN,2010-4-28 00:00,2010-4-28 00:00,32.14, ,INCHES
TUM,D,2,RAIN,2010-4-29 00:00,2010-4-29 00:00,32.4, ,INCHES
TUM,D,2,RAIN,2010-4-30 00:00,2010-4-30 00:00,32.54, ,INCHES
TUM,D,2,RAIN,2010-5-1 00:00,2010-5-1 00:00,32.67, ,INCHES
TUM,D,2,RAIN,2010-5-2 00:00,2010-5-2 00:00,32.67, ,INCHES
TUM,D,2,RAIN,2010-5-3 00:00,2010-5-3 00:00,32.67, ,INCHES
TUM,D,2,RAIN,2010-5-4 00:00,2010-5-4 00:00,32.8, ,INCHES
TUM,D,2,RAIN,2010-5-5 00:00,2010-5-5 00:00,32.8, ,INCHES
TUM,D,2,RAIN,2010-5-6 00:00,2010-5-6 00:00,32.8, ,INCHES
TUM,D,2,RAIN,2010-5-7 00:00,2010-5-7 00:00,32.8, ,INCHES
TUM,D,2,RAIN,2010-5-8 00:00,2010-5-8 00:00,32.8, ,INCHES
TUM,D,2,RAIN,2010-5-9 00:00,2010-5-9 00:00,32.8, ,INCHES
TUM,D,2,RAIN,2010-5-10 00:00,2010-5-10 00:00,32.8, ,INCHES
TUM,D,2,RAIN,2010-5-11 00:00,2010-5-11 00:00,33.2, ,INCHES
TUM,D,2,RAIN,2010-5-12 00:00,2010-5-12 00:00,33.33, ,INCHES
TUM,D,2,RAIN,2010-5-13 00:00,2010-5-13 00:00,33.33, ,INCHES
TUM,D,2,RAIN,2010-5-14 00:00,2010-5-14 00:00,33.46, ,INCHES
TUM,D,2,RAIN,2010-5-15 00:00,2010-5-15 00:00,33.46, ,INCHES
TUM,D,2,RAIN,2010-5-16 00:00,2010-5-16 00:00,33.6, ,INCHES
TUM,D,2,RAIN,2010-5-17 00:00,2010-5-17 00:00,33.6, ,INCHES
TUM,D,2,RAIN,2010-5-18 00:00,2010-5-18 00:00,33.6, ,INCHES
TUM,D,2,RAIN,2010-5-19 00:00,2010-5-19 00:00,33.6, ,INCHES
TUM,D,2,RAIN,2010-5-20 00:00,2010-5-20 00:00,33.74, ,INCHES
TUM,D,2,RAIN,2010-5-21 00:00,2010-5-21 00:00,33.74, ,INCHES
TUM,D,2,RAIN,2010-5-22 00:00,2010-5-22 00:00,33.74, ,INCHES
TUM,D,2,RAIN,2010-5-23 00:00,2010-5-23 00:00,33.88, ,INCHES
TUM,D,2,RAIN,2010-5-24 00:00,2010-5-24 00:00,33.88, ,INCHES
TUM,D,2,RAIN,2010-5-25 00:00,2010-5-25 00:00,34.01, ,INCHES
TUM,D,2,RAIN,2010-5-26 00:00,2010-5-26 00:00,34.27, ,INCHES
TUM,D,2,RAIN,2010-5-27 00:00,2010-5-27 00:00,34.27, ,INCHES
TUM,D,2,RAIN,2010-5-28 00:00,2010-5-28 00:00,34.41, ,INCHES
TUM,D,2,RAIN,2010-5-29 00:00,2010-5-29 00:00,34.54, ,INCHES
TUM,D,2,RAIN,2010-5-30 00:00,2010-5-30 00:00,34.67, ,INCHES
TUM,D,2,RAIN,2010-5-31 00:00,2010-5-31 00:00,34.67, ,INCHES
TUM,D,2,RAIN,2010-6-1 00:00,2010-6-1 00:00,34.67, ,INCHES
TUM,D,2,RAIN,2010-6-2 00:00,2010-6-2 00:00,34.67, ,INCHES
TUM,D,2,RAIN,2010-6-3 00:00,2010-6-3 00:00,34.67, ,INCHES
TUM,D,2,RAIN,2010-6-4 00:00,2010-6-4 00:00,34.67, ,INCHES
TUM,D,2,RAIN,2010-6-5 00:00,2010-6-5 00:00,34.81, ,INCHES
TUM,D,2,RAIN,2010-6-6 00:00,2010-6-6 00:00,34.81, ,INCHES
TUM,D,2,RAIN,2010-6-7 00:00,2010-6-7 00:00,34.81, ,INCHES
TUM,D,2,RAIN,2010-6-8 00:00,2010-6-8 00:00,34.81, ,INCHES
TUM,D,2,RAIN,2010-6-9 00:00,2010-6-9 00:00,34.81, ,INCHES
TUM,D,2,RAIN,2010-6-10 00:00,2010-6-10 00:00,34.81, ,INCHES
TUM,D,2,RAIN,2010-6-11 00:00,2010-6-11 00:00,34.81, ,INCHES
TUM,D,2,RAIN,2010-6-12 00:00,2010-6-12 00:00,34.81, ,INCHES
TUM,D,2,RAIN,2010-6-13 00:00,2010-6-13 00:00,34.81, ,INCHES
TUM,D,2,RAIN,2010-6-14 00:00,2010-6-14 00:00,34.81, ,INCHES
TUM,D,2,RAIN,2010-6-15 00:00,2010-6-15 00:00,34.81, ,INCHES
TUM,D,2,RAIN,2010-6-16 00:00,2010-6-16 00:00,34.81, ,INCHES
TUM,D,2,RAIN,2010-6-17 00:00,2010-6-17 00:00,34.81, ,INCHES
TUM,D,2,RAIN,2010-6-18 00:00,2010-6-18 00:00,34.81, ,INCHES
TUM,D,2,RAIN,2010-6-19 00:00,2010-6-19 00:00,34.81, ,INCHES
TUM,D,2,RAIN,2010-6-20 00:00,2010-6-20 00:00,34.81, ,INCHES
TUM,D,2,RAIN,2010-6-21 00:00,2010-6-21 00:00,34.81, ,INCHES
TUM,D,2,RAIN,2010-6-22 00:00,2010-6-22 00:00,34.81, ,INCHES
TUM,D,2,RAIN,2010-6-23 00:00,2010-6-23 00:00,34.81, ,INCHES
TUM,D,2,RAIN,2010-6-24 00:00,2010-6-24 00:00,34.81, ,INCHES
TUM,D,2,RAIN,2010-6-25 00:00,2010-6-25 00:00,34.81, ,INCHES
TUM,D,2,RAIN,2010-6-26 00:00,2010-6-26 00:00,34.81, ,INCHES
TUM,D,2,RAIN,2010-6-27 00:00,2010-6-27 00:00,34.94, ,INCHES
TUM,D,2,RAIN,2010-6-28 00:00,2010-6-28 00:00,34.94, ,INCHES
TUM,D,2,RAIN,2010-6-29 00:00,2010-6-29 00:00,34.94, ,INCHES
TUM,D,2,RAIN,2010-6-30 00:00,2010-6-30 00:00,34.94, ,INCHES
TUM,D,2,RAIN,2010-7-1 00:00,2010-7-1 00:00,34.94, ,INCHES
TUM,D,2,RAIN,2010-7-2 00:00,2010-7-2 00:00,34.94, ,INCHES
TUM,D,2,RAIN,2010-7-3 00:00,2010-7-3 00:00,34.94, ,INCHES
TUM,D,2,RAIN,2010-7-4 00:00,2010-7-4 00:00,34.94, ,INCHES
TUM,D,2,RAIN,2010-7-5 00:00,2010-7-5 00:00,35.07, ,INCHES
TUM,D,2,RAIN,2010-7-6 00:00,2010-7-6 00:00,35.07, ,INCHES
TUM,D,2,RAIN,2010-7-7 00:00,2010-7-7 00:00,35.07, ,INCHES
TUM,D,2,RAIN,2010-7-8 00:00,2010-7-8 00:00,35.07, ,INCHES
TUM,D,2,RAIN,2010-7-9 00:00,2010-7-9 00:00,35.07, ,INCHES
TUM,D,2,RAIN,2010-7-10 00:00,2010-7-10 00:00,35.07, ,INCHES
TUM,D,2,RAIN,2010-7-11 00:00,2010-7-11 00:00,35.07, ,INCHES
TUM,D,2,RAIN,2010-7-12 00:00,2010-7-12 00:00,35.07, ,INCHES
TUM,D,2,RAIN,2010-7-13 00:00,2010-7-13 00:00,35.07, ,INCHES
TUM,D,2,RAIN,2010-7-14 00:00,2010-7-14 00:00,35.07, ,INCHES
TUM,D,2,RAIN,2010-7-15 00:00,2010-7-15 00:00,35.07, ,INCHES
TUM,D,2,RAIN,2010-7-16 00:00,2010-7-16 00:00,35.07, ,INCHES
TUM,D,2,RAIN,2010-7-17 00:00,2010-7-17 00:00,35.07, ,INCHES
TUM,D,2,RAIN,2010-7-18 00:00,2010-7-18 00:00,35.07, ,INCHES
TUM,D,2,RAIN,2010-7-19 00:00,2010-7-19 00:00,35.07, ,INCHES
TUM,D,2,RAIN,2010-7-20 00:00,2010-7-20 00:00,35.07, ,INCHES
TUM,D,2,RAIN,2010-7-21 00:00,2010-7-21 00:00,35.07, ,INCHES
TUM,D,3,SNOW WC,2009-10-1 00:00,2009-10-1 00:00,0.02, ,INCHES
TUM,D,3,SNOW WC,2009-10-2 00:00,2009-10-2 00:00,0.02, ,INCHES
TUM,D,3,SNOW WC,2009-10-3 00:00,2009-10-3 00:00,0.02, ,INCHES
TUM,D,3,SNOW WC,2009-10-4 00:00,2009-10-4 00:00,0.02, ,INCHES
TUM,D,3,SNOW WC,2009-10-5 00:00,2009-10-5 00:00,0.14, ,INCHES
TUM,D,3,SNOW WC,2009-10-6 00:00,2009-10-6 00:00,0.26, ,INCHES
TUM,D,3,SNOW WC,2009-10-7 00:00,2009-10-7 00:00,0.14, ,INCHES
TUM,D,3,SNOW WC,2009-10-8 00:00,2009-10-8 00:00,0.14, ,INCHES
TUM,D,3,SNOW WC,2009-10-9 00:00,2009-10-9 00:00,0.14, ,INCHES
TUM,D,3,SNOW WC,2009-10-10 00:00,2009-10-10 00:00,0.14, ,INCHES
TUM,D,3,SNOW WC,2009-10-11 00:00,2009-10-11 00:00,0.14, ,INCHES
TUM,D,3,SNOW WC,2009-10-12 00:00,2009-10-12 00:00,0.14, ,INCHES
TUM,D,3,SNOW WC,2009-10-13 00:00,2009-10-13 00:00,0.14, ,INCHES
TUM,D,3,SNOW WC,2009-10-14 00:00,2009-10-14 00:00,2.66, ,INCHES
TUM,D,3,SNOW WC,2009-10-15 00:00,2009-10-15 00:00,1.58, ,INCHES
TUM,D,3,SNOW WC,2009-10-16 00:00,2009-10-16 00:00,0.74, ,INCHES
TUM,D,3,SNOW WC,2009-10-17 00:00,2009-10-17 00:00,0.62, ,INCHES
TUM,D,3,SNOW WC,2009-10-18 00:00,2009-10-18 00:00,0.5, ,INCHES
TUM,D,3,SNOW WC,2009-10-19 00:00,2009-10-19 00:00,0.5, ,INCHES
TUM,D,3,SNOW WC,2009-10-20 00:00,2009-10-20 00:00,0.5, ,INCHES
TUM,D,3,SNOW WC,2009-10-21 00:00,2009-10-21 00:00,0.5, ,INCHES
TUM,D,3,SNOW WC,2009-10-22 00:00,2009-10-22 00:00,0.38, ,INCHES
TUM,D,3,SNOW WC,2009-10-23 00:00,2009-10-23 00:00,0.5, ,INCHES
TUM,D,3,SNOW WC,2009-10-24 00:00,2009-10-24 00:00,0.38, ,INCHES
TUM,D,3,SNOW WC,2009-10-25 00:00,2009-10-25 00:00,0.38, ,INCHES
TUM,D,3,SNOW WC,2009-10-26 00:00,2009-10-26 00:00,0.26, ,INCHES
TUM,D,3,SNOW WC,2009-10-27 00:00,2009-10-27 00:00,0.26, ,INCHES
TUM,D,3,SNOW WC,2009-10-28 00:00,2009-10-28 00:00,0.14, ,INCHES
TUM,D,3,SNOW WC,2009-10-29 00:00,2009-10-29 00:00,0.26, ,INCHES
TUM,D,3,SNOW WC,2009-10-30 00:00,2009-10-30 00:00,0.26, ,INCHES
TUM,D,3,SNOW WC,2009-10-31 00:00,2009-10-31 00:00,0.14, ,INCHES
TUM,D,3,SNOW WC,2009-11-1 00:00,2009-11-1 00:00,0.14, ,INCHES
TUM,D,3,SNOW WC,2009-11-2 00:00,2009-11-2 00:00,0.14, ,INCHES
TUM,D,3,SNOW WC,2009-11-3 00:00,2009-11-3 00:00,0.14, ,INCHES
TUM,D,3,SNOW WC,2009-11-4 00:00,2009-11-4 00:00,0.14, ,INCHES
TUM,D,3,SNOW WC,2009-11-5 00:00,2009-11-5 00:00,0.14, ,INCHES
TUM,D,3,SNOW WC,2009-11-6 00:00,2009-11-6 00:00,0.14, ,INCHES
TUM,D,3,SNOW WC,2009-11-7 00:00,2009-11-7 00:00,0.14, ,INCHES
TUM,D,3,SNOW WC,2009-11-8 00:00,2009-11-8 00:00,0.14, ,INCHES
TUM,D,3,SNOW WC,2009-11-9 00:00,2009-11-9 00:00,0.26, ,INCHES
TUM,D,3,SNOW WC,2009-11-10 00:00,2009-11-10 00:00,0.14, ,INCHES
TUM,D,3,SNOW WC,2009-11-11 00:00,2009-11-11 00:00,0.14, ,INCHES
TUM,D,3,SNOW WC,2009-11-12 00:00,2009-11-12 00:00,0.14, ,INCHES
TUM,D,3,SNOW WC,2009-11-13 00:00,2009-11-13 00:00,0.38, ,INCHES
TUM,D,3,SNOW WC,2009-11-14 00:00,2009-11-14 00:00,0.38, ,INCHES
TUM,D,3,SNOW WC,2009-11-15 00:00,2009-11-15 00:00,0.62, ,INCHES
TUM,D,3,SNOW WC,2009-11-16 00:00,2009-11-16 00:00,1.1, ,INCHES
TUM,D,3,SNOW WC,2009-11-17 00:00,2009-11-17 00:00,0.62, ,INCHES
TUM,D,3,SNOW WC,2009-11-18 00:00,2009-11-18 00:00,0.5, ,INCHES
TUM,D,3,SNOW WC,2009-11-19 00:00,2009-11-19 00:00,0.5, ,INCHES
TUM,D,3,SNOW WC,2009-11-20 00:00,2009-11-20 00:00,0.5, ,INCHES
TUM,D,3,SNOW WC,2009-11-21 00:00,2009-11-21 00:00,0.38, ,INCHES
TUM,D,3,SNOW WC,2009-11-22 00:00,2009-11-22 00:00,0.5, ,INCHES
TUM,D,3,SNOW WC,2009-11-23 00:00,2009-11-23 00:00,0.5, ,INCHES
TUM,D,3,SNOW WC,2009-11-24 00:00,2009-11-24 00:00,0.38, ,INCHES
TUM,D,3,SNOW WC,2009-11-25 00:00,2009-11-25 00:00,0.5, ,INCHES
TUM,D,3,SNOW WC,2009-11-26 00:00,2009-11-26 00:00,0.38, ,INCHES
TUM,D,3,SNOW WC,2009-11-27 00:00,2009-11-27 00:00,0.5, ,INCHES
TUM,D,3,SNOW WC,2009-11-28 00:00,2009-11-28 00:00,0.86, ,INCHES
TUM,D,3,SNOW WC,2009-11-29 00:00,2009-11-29 00:00,1.1, ,INCHES
TUM,D,3,SNOW WC,2009-11-30 00:00,2009-11-30 00:00,0.98, ,INCHES
TUM,D,3,SNOW WC,2009-12-1 00:00,2009-12-1 00:00,0.98, ,INCHES
TUM,D,3,SNOW WC,2009-12-2 00:00,2009-12-2 00:00,0.86, ,INCHES
TUM,D,3,SNOW WC,2009-12-3 00:00,2009-12-3 00:00,0.98, ,INCHES
TUM,D,3,SNOW WC,2009-12-4 00:00,2009-12-4 00:00,1.34, ,INCHES
TUM,D,3,SNOW WC,2009-12-5 00:00,2009-12-5 00:00,1.46, ,INCHES
TUM,D,3,SNOW WC,2009-12-6 00:00,2009-12-6 00:00,1.34, ,INCHES
TUM,D,3,SNOW WC,2009-12-7 00:00,2009-12-7 00:00,1.58, ,INCHES
TUM,D,3,SNOW WC,2009-12-8 00:00,2009-12-8 00:00,2.06, ,INCHES
TUM,D,3,SNOW WC,2009-12-9 00:00,2009-12-9 00:00,2.06, ,INCHES
TUM,D,3,SNOW WC,2009-12-10 00:00,2009-12-10 00:00,2.06, ,INCHES
TUM,D,3,SNOW WC,2009-12-11 00:00,2009-12-11 00:00,2.3, ,INCHES
TUM,D,3,SNOW WC,2009-12-12 00:00,2009-12-12 00:00,2.78, ,INCHES
TUM,D,3,SNOW WC,2009-12-13 00:00,2009-12-13 00:00,4.94, ,INCHES
TUM,D,3,SNOW WC,2009-12-14 00:00,2009-12-14 00:00,5.18, ,INCHES
TUM,D,3,SNOW WC,2009-12-15 00:00,2009-12-15 00:00,5.18, ,INCHES
TUM,D,3,SNOW WC,2009-12-16 00:00,2009-12-16 00:00,5.18, ,INCHES
TUM,D,3,SNOW WC,2009-12-17 00:00,2009-12-17 00:00,5.18, ,INCHES
TUM,D,3,SNOW WC,2009-12-18 00:00,2009-12-18 00:00,5.18, ,INCHES
TUM,D,3,SNOW WC,2009-12-19 00:00,2009-12-19 00:00,5.18, ,INCHES
TUM,D,3,SNOW WC,2009-12-20 00:00,2009-12-20 00:00,5.18, ,INCHES
TUM,D,3,SNOW WC,2009-12-21 00:00,2009-12-21 00:00,5.18, ,INCHES
TUM,D,3,SNOW WC,2009-12-22 00:00,2009-12-22 00:00,5.78, ,INCHES
TUM,D,3,SNOW WC,2009-12-23 00:00,2009-12-23 00:00,5.9, ,INCHES
TUM,D,3,SNOW WC,2009-12-24 00:00,2009-12-24 00:00,5.9, ,INCHES
TUM,D,3,SNOW WC,2009-12-25 00:00,2009-12-25 00:00,5.9, ,INCHES
TUM,D,3,SNOW WC,2009-12-26 00:00,2009-12-26 00:00,5.9, ,INCHES
TUM,D,3,SNOW WC,2009-12-27 00:00,2009-12-27 00:00,5.9, ,INCHES
TUM,D,3,SNOW WC,2009-12-28 00:00,2009-12-28 00:00,5.9, ,INCHES
TUM,D,3,SNOW WC,2009-12-29 00:00,2009-12-29 00:00,5.9, ,INCHES
TUM,D,3,SNOW WC,2009-12-30 00:00,2009-12-30 00:00,6.14, ,INCHES
TUM,D,3,SNOW WC,2009-12-31 00:00,2009-12-31 00:00,6.38, ,INCHES
TUM,D,3,SNOW WC,2010-1-1 00:00,2010-1-1 00:00,6.38, ,INCHES
TUM,D,3,SNOW WC,2010-1-2 00:00,2010-1-2 00:00,6.38, ,INCHES
TUM,D,3,SNOW WC,2010-1-3 00:00,2010-1-3 00:00,6.38, ,INCHES
TUM,D,3,SNOW WC,2010-1-4 00:00,2010-1-4 00:00,6.38, ,INCHES
TUM,D,3,SNOW WC,2010-1-5 00:00,2010-1-5 00:00,6.26, ,INCHES
TUM,D,3,SNOW WC,2010-1-6 00:00,2010-1-6 00:00,6.26, ,INCHES
TUM,D,3,SNOW WC,2010-1-7 00:00,2010-1-7 00:00,6.38, ,INCHES
TUM,D,3,SNOW WC,2010-1-8 00:00,2010-1-8 00:00,6.38, ,INCHES
TUM,D,3,SNOW WC,2010-1-9 00:00,2010-1-9 00:00,6.5, ,INCHES
TUM,D,3,SNOW WC,2010-1-10 00:00,2010-1-10 00:00,6.62, ,INCHES
TUM,D,3,SNOW WC,2010-1-11 00:00,2010-1-11 00:00,6.62, ,INCHES
TUM,D,3,SNOW WC,2010-1-12 00:00,2010-1-12 00:00,6.74, ,INCHES
TUM,D,3,SNOW WC,2010-1-13 00:00,2010-1-13 00:00,7.58, ,INCHES
TUM,D,3,SNOW WC,2010-1-14 00:00,2010-1-14 00:00,8.06, ,INCHES
TUM,D,3,SNOW WC,2010-1-15 00:00,2010-1-15 00:00,8.06, ,INCHES
TUM,D,3,SNOW WC,2010-1-16 00:00,2010-1-16 00:00,8.06, ,INCHES
TUM,D,3,SNOW WC,2010-1-17 00:00,2010-1-17 00:00,8.06, ,INCHES
TUM,D,3,SNOW WC,2010-1-18 00:00,2010-1-18 00:00,8.3, ,INCHES
TUM,D,3,SNOW WC,2010-1-19 00:00,2010-1-19 00:00,9.5, ,INCHES
TUM,D,3,SNOW WC,2010-1-20 00:00,2010-1-20 00:00,9.98, ,INCHES
TUM,D,3,SNOW WC,2010-1-21 00:00,2010-1-21 00:00,11.18, ,INCHES
TUM,D,3,SNOW WC,2010-1-22 00:00,2010-1-22 00:00,12.26, ,INCHES
TUM,D,3,SNOW WC,2010-1-23 00:00,2010-1-23 00:00,12.5, ,INCHES
TUM,D,3,SNOW WC,2010-1-24 00:00,2010-1-24 00:00,12.38, ,INCHES
TUM,D,3,SNOW WC,2010-1-25 00:00,2010-1-25 00:00,12.62, ,INCHES
TUM,D,3,SNOW WC,2010-1-26 00:00,2010-1-26 00:00,13.1, ,INCHES
TUM,D,3,SNOW WC,2010-1-27 00:00,2010-1-27 00:00,13.1, ,INCHES
TUM,D,3,SNOW WC,2010-1-28 00:00,2010-1-28 00:00,12.98, ,INCHES
TUM,D,3,SNOW WC,2010-1-29 00:00,2010-1-29 00:00,12.98, ,INCHES
TUM,D,3,SNOW WC,2010-1-30 00:00,2010-1-30 00:00,12.98, ,INCHES
TUM,D,3,SNOW WC,2010-1-31 00:00,2010-1-31 00:00,12.86, ,INCHES
TUM,D,3,SNOW WC,2010-2-1 00:00,2010-2-1 00:00,12.74, ,INCHES
TUM,D,3,SNOW WC,2010-2-2 00:00,2010-2-2 00:00,12.86, ,INCHES
TUM,D,3,SNOW WC,2010-2-3 00:00,2010-2-3 00:00,12.86, ,INCHES
TUM,D,3,SNOW WC,2010-2-4 00:00,2010-2-4 00:00,12.74, ,INCHES
TUM,D,3,SNOW WC,2010-2-5 00:00,2010-2-5 00:00,13.22, ,INCHES
TUM,D,3,SNOW WC,2010-2-6 00:00,2010-2-6 00:00,13.82, ,INCHES
TUM,D,3,SNOW WC,2010-2-7 00:00,2010-2-7 00:00,14.06, ,INCHES
TUM,D,3,SNOW WC,2010-2-8 00:00,2010-2-8 00:00,14.18, ,INCHES
TUM,D,3,SNOW WC,2010-2-9 00:00,2010-2-9 00:00,14.18, ,INCHES
TUM,D,3,SNOW WC,2010-2-10 00:00,2010-2-10 00:00,14.3, ,INCHES
TUM,D,3,SNOW WC,2010-2-11 00:00,2010-2-11 00:00,14.3, ,INCHES
TUM,D,3,SNOW WC,2010-2-12 00:00,2010-2-12 00:00,14.54, ,INCHES
TUM,D,3,SNOW WC,2010-2-13 00:00,2010-2-13 00:00,14.54, ,INCHES
TUM,D,3,SNOW WC,2010-2-14 00:00,2010-2-14 00:00,14.3, ,INCHES
TUM,D,3,SNOW WC,2010-2-15 00:00,2010-2-15 00:00,14.18, ,INCHES
TUM,D,3,SNOW WC,2010-2-16 00:00,2010-2-16 00:00,13.46, ,INCHES
TUM,D,3,SNOW WC,2010-2-17 00:00,2010-2-17 00:00,13.82, ,INCHES
TUM,D,3,SNOW WC,2010-2-18 00:00,2010-2-18 00:00,13.94, ,INCHES
TUM,D,3,SNOW WC,2010-2-19 00:00,2010-2-19 00:00,14.18, ,INCHES
TUM,D,3,SNOW WC,2010-2-20 00:00,2010-2-20 00:00,14.3, ,INCHES
TUM,D,3,SNOW WC,2010-2-21 00:00,2010-2-21 00:00,14.66, ,INCHES
TUM,D,3,SNOW WC,2010-2-22 00:00,2010-2-22 00:00,15.14, ,INCHES
TUM,D,3,SNOW WC,2010-2-23 00:00,2010-2-23 00:00,15.02, ,INCHES
TUM,D,3,SNOW WC,2010-2-24 00:00,2010-2-24 00:00,15.74, ,INCHES
TUM,D,3,SNOW WC,2010-2-25 00:00,2010-2-25 00:00,16.58, ,INCHES
TUM,D,3,SNOW WC,2010-2-26 00:00,2010-2-26 00:00,16.58, ,INCHES
TUM,D,3,SNOW WC,2010-2-27 00:00,2010-2-27 00:00,18.14, ,INCHES
TUM,D,3,SNOW WC,2010-2-28 00:00,2010-2-28 00:00,18.38, ,INCHES
TUM,D,3,SNOW WC,2010-3-1 00:00,2010-3-1 00:00,18.38, ,INCHES
TUM,D,3,SNOW WC,2010-3-2 00:00,2010-3-2 00:00,18.5, ,INCHES
TUM,D,3,SNOW WC,2010-3-3 00:00,2010-3-3 00:00,18.5, ,INCHES
TUM,D,3,SNOW WC,2010-3-4 00:00,2010-3-4 00:00,19.1, ,INCHES
TUM,D,3,SNOW WC,2010-3-5 00:00,2010-3-5 00:00,19.1, ,INCHES
TUM,D,3,SNOW WC,2010-3-6 00:00,2010-3-6 00:00,19.1, ,INCHES
TUM,D,3,SNOW WC,2010-3-7 00:00,2010-3-7 00:00,18.86, ,INCHES
TUM,D,3,SNOW WC,2010-3-8 00:00,2010-3-8 00:00,18.86, ,INCHES
TUM,D,3,SNOW WC,2010-3-9 00:00,2010-3-9 00:00,18.98, ,INCHES
TUM,D,3,SNOW WC,2010-3-10 00:00,2010-3-10 00:00,18.98, ,INCHES
TUM,D,3,SNOW WC,2010-3-11 00:00,2010-3-11 00:00,18.86, ,INCHES
TUM,D,3,SNOW WC,2010-3-12 00:00,2010-3-12 00:00,18.98, ,INCHES
TUM,D,3,SNOW WC,2010-3-13 00:00,2010-3-13 00:00,19.7, ,INCHES
TUM,D,3,SNOW WC,2010-3-14 00:00,2010-3-14 00:00,19.82, ,INCHES
TUM,D,3,SNOW WC,2010-3-15 00:00,2010-3-15 00:00,19.82, ,INCHES
TUM,D,3,SNOW WC,2010-3-16 00:00,2010-3-16 00:00,19.82, ,INCHES
TUM,D,3,SNOW WC,2010-3-17 00:00,2010-3-17 00:00,19.46, ,INCHES
TUM,D,3,SNOW WC,2010-3-18 00:00,2010-3-18 00:00,19.46, ,INCHES
TUM,D,3,SNOW WC,2010-3-19 00:00,2010-3-19 00:00,18.74, ,INCHES
TUM,D,3,SNOW WC,2010-3-20 00:00,2010-3-20 00:00,18.62, ,INCHES
TUM,D,3,SNOW WC,2010-3-21 00:00,2010-3-21 00:00,18.38, ,INCHES
TUM,D,3,SNOW WC,2010-3-22 00:00,2010-3-22 00:00,18.62, ,INCHES
TUM,D,3,SNOW WC,2010-3-23 00:00,2010-3-23 00:00,18.5, ,INCHES
TUM,D,3,SNOW WC,2010-3-24 00:00,2010-3-24 00:00,18.62, ,INCHES
TUM,D,3,SNOW WC,2010-3-25 00:00,2010-3-25 00:00,18.5, ,INCHES
TUM,D,3,SNOW WC,2010-3-26 00:00,2010-3-26 00:00,18.5, ,INCHES
TUM,D,3,SNOW WC,2010-3-27 00:00,2010-3-27 00:00,18.62, ,INCHES
TUM,D,3,SNOW WC,2010-3-28 00:00,2010-3-28 00:00,18.5, ,INCHES
TUM,D,3,SNOW WC,2010-3-29 00:00,2010-3-29 00:00,18.14, ,INCHES
TUM,D,3,SNOW WC,2010-3-30 00:00,2010-3-30 00:00,17.66, ,INCHES
TUM,D,3,SNOW WC,2010-3-31 00:00,2010-3-31 00:00,18.02, ,INCHES
TUM,D,3,SNOW WC,2010-4-1 00:00,2010-4-1 00:00,18.86, ,INCHES
TUM,D,3,SNOW WC,2010-4-2 00:00,2010-4-2 00:00,19.1, ,INCHES
TUM,D,3,SNOW WC,2010-4-3 00:00,2010-4-3 00:00,19.1, ,INCHES
TUM,D,3,SNOW WC,2010-4-4 00:00,2010-4-4 00:00,18.86, ,INCHES
TUM,D,3,SNOW WC,2010-4-5 00:00,2010-4-5 00:00,19.58, ,INCHES
TUM,D,3,SNOW WC,2010-4-6 00:00,2010-4-6 00:00,20.3, ,INCHES
TUM,D,3,SNOW WC,2010-4-7 00:00,2010-4-7 00:00,19.82, ,INCHES
TUM,D,3,SNOW WC,2010-4-8 00:00,2010-4-8 00:00,18.86, ,INCHES
TUM,D,3,SNOW WC,2010-4-9 00:00,2010-4-9 00:00,18.38, ,INCHES
TUM,D,3,SNOW WC,2010-4-10 00:00,2010-4-10 00:00,18.5, ,INCHES
TUM,D,3,SNOW WC,2010-4-11 00:00,2010-4-11 00:00,18.62, ,INCHES
TUM,D,3,SNOW WC,2010-4-12 00:00,2010-4-12 00:00,19.46, ,INCHES
TUM,D,3,SNOW WC,2010-4-13 00:00,2010-4-13 00:00,20.06, ,INCHES
TUM,D,3,SNOW WC,2010-4-14 00:00,2010-4-14 00:00,20.3, ,INCHES
TUM,D,3,SNOW WC,2010-4-15 00:00,2010-4-15 00:00,19.34, ,INCHES
TUM,D,3,SNOW WC,2010-4-16 00:00,2010-4-16 00:00,18.98, ,INCHES
TUM,D,3,SNOW WC,2010-4-17 00:00,2010-4-17 00:00,19.1, ,INCHES
TUM,D,3,SNOW WC,2010-4-18 00:00,2010-4-18 00:00,19.1, ,INCHES
TUM,D,3,SNOW WC,2010-4-19 00:00,2010-4-19 00:00,18.86, ,INCHES
TUM,D,3,SNOW WC,2010-4-20 00:00,2010-4-20 00:00,18.26, ,INCHES
TUM,D,3,SNOW WC,2010-4-21 00:00,2010-4-21 00:00,18.62, ,INCHES
TUM,D,3,SNOW WC,2010-4-22 00:00,2010-4-22 00:00,19.46, ,INCHES
TUM,D,3,SNOW WC,2010-4-23 00:00,2010-4-23 00:00,19.94, ,INCHES
TUM,D,3,SNOW WC,2010-4-24 00:00,2010-4-24 00:00,18.02, ,INCHES
TUM,D,3,SNOW WC,2010-4-25 00:00,2010-4-25 00:00,18.38, ,INCHES
TUM,D,3,SNOW WC,2010-4-26 00:00,2010-4-26 00:00,18.86, ,INCHES
TUM,D,3,SNOW WC,2010-4-27 00:00,2010-4-27 00:00,18.02, ,INCHES
TUM,D,3,SNOW WC,2010-4-28 00:00,2010-4-28 00:00,17.42, ,INCHES
TUM,D,3,SNOW WC,2010-4-29 00:00,2010-4-29 00:00,18.26, ,INCHES
TUM,D,3,SNOW WC,2010-4-30 00:00,2010-4-30 00:00,18.5, ,INCHES
TUM,D,3,SNOW WC,2010-5-1 00:00,2010-5-1 00:00,17.18, ,INCHES
TUM,D,3,SNOW WC,2010-5-2 00:00,2010-5-2 00:00,17.18, ,INCHES
TUM,D,3,SNOW WC,2010-5-3 00:00,2010-5-3 00:00,16.7, ,INCHES
TUM,D,3,SNOW WC,2010-5-4 00:00,2010-5-4 00:00,16.22, ,INCHES
TUM,D,3,SNOW WC,2010-5-5 00:00,2010-5-5 00:00,15.62, ,INCHES
TUM,D,3,SNOW WC,2010-5-6 00:00,2010-5-6 00:00,15.02, ,INCHES
TUM,D,3,SNOW WC,2010-5-7 00:00,2010-5-7 00:00,14.18, ,INCHES
TUM,D,3,SNOW WC,2010-5-8 00:00,2010-5-8 00:00,13.22, ,INCHES
TUM,D,3,SNOW WC,2010-5-9 00:00,2010-5-9 00:00,12.38, ,INCHES
TUM,D,3,SNOW WC,2010-5-10 00:00,2010-5-10 00:00,11.9, ,INCHES
TUM,D,3,SNOW WC,2010-5-11 00:00,2010-5-11 00:00,12.26, ,INCHES
TUM,D,3,SNOW WC,2010-5-12 00:00,2010-5-12 00:00,11.42, ,INCHES
TUM,D,3,SNOW WC,2010-5-13 00:00,2010-5-13 00:00,11.18, ,INCHES
TUM,D,3,SNOW WC,2010-5-14 00:00,2010-5-14 00:00,10.58, ,INCHES
TUM,D,3,SNOW WC,2010-5-15 00:00,2010-5-15 00:00,10.22, ,INCHES
TUM,D,3,SNOW WC,2010-5-16 00:00,2010-5-16 00:00,9.62, ,INCHES
TUM,D,3,SNOW WC,2010-5-17 00:00,2010-5-17 00:00,8.78, ,INCHES
TUM,D,3,SNOW WC,2010-5-18 00:00,2010-5-18 00:00,8.3, ,INCHES
TUM,D,3,SNOW WC,2010-5-19 00:00,2010-5-19 00:00,7.7, ,INCHES
TUM,D,3,SNOW WC,2010-5-20 00:00,2010-5-20 00:00,7.22, ,INCHES
TUM,D,3,SNOW WC,2010-5-21 00:00,2010-5-21 00:00,6.5, ,INCHES
TUM,D,3,SNOW WC,2010-5-22 00:00,2010-5-22 00:00,5.9, ,INCHES
TUM,D,3,SNOW WC,2010-5-23 00:00,2010-5-23 00:00,4.58, ,INCHES
TUM,D,3,SNOW WC,2010-5-24 00:00,2010-5-24 00:00,4.7, ,INCHES
TUM,D,3,SNOW WC,2010-5-25 00:00,2010-5-25 00:00,4.7, ,INCHES
TUM,D,3,SNOW WC,2010-5-26 00:00,2010-5-26 00:00,3.74, ,INCHES
TUM,D,3,SNOW WC,2010-5-27 00:00,2010-5-27 00:00,2.9, ,INCHES
TUM,D,3,SNOW WC,2010-5-28 00:00,2010-5-28 00:00,2.78, ,INCHES
TUM,D,3,SNOW WC,2010-5-29 00:00,2010-5-29 00:00,2.66, ,INCHES
TUM,D,3,SNOW WC,2010-5-30 00:00,2010-5-30 00:00,1.34, ,INCHES
TUM,D,3,SNOW WC,2010-5-31 00:00,2010-5-31 00:00,0.62, ,INCHES
TUM,D,3,SNOW WC,2010-6-1 00:00,2010-6-1 00:00,0.38, ,INCHES
TUM,D,3,SNOW WC,2010-6-2 00:00,2010-6-2 00:00,0.38, ,INCHES
TUM,D,3,SNOW WC,2010-6-3 00:00,2010-6-3 00:00,0.26, ,INCHES
TUM,D,3,SNOW WC,2010-6-4 00:00,2010-6-4 00:00,0.14, ,INCHES
TUM,D,3,SNOW WC,2010-6-5 00:00,2010-6-5 00:00,0.14, ,INCHES
TUM,D,3,SNOW WC,2010-6-6 00:00,2010-6-6 00:00,0.26, ,INCHES
TUM,D,3,SNOW WC,2010-6-7 00:00,2010-6-7 00:00,0.14, ,INCHES
TUM,D,3,SNOW WC,2010-6-8 00:00,2010-6-8 00:00,0.14, ,INCHES
TUM,D,3,SNOW WC,2010-6-9 00:00,2010-6-9 00:00,-0.1, ,INCHES
TUM,D,3,SNOW WC,2010-6-10 00:00,2010-6-10 00:00,-0.1, ,INCHES
TUM,D,3,SNOW WC,2010-6-11 00:00,2010-6-11 00:00,-0.1, ,INCHES
TUM,D,3,SNOW WC,2010-6-12 00:00,2010-6-12 00:00,-9999.0, ,INCHES
TUM,D,3,SNOW WC,2010-6-13 00:00,2010-6-13 00:00,-0.1, ,INCHES
TUM,D,3,SNOW WC,2010-6-14 00:00,2010-6-14 00:00,-0.1, ,INCHES
TUM,D,3,SNOW WC,2010-6-15 00:00,2010-6-15 00:00,-0.1, ,INCHES
TUM,D,3,SNOW WC,2010-6-16 00:00,2010-6-16 00:00,-0.1, ,INCHES
TUM,D,3,SNOW WC,2010-6-17 00:00,2010-6-17 00:00,-0.22, ,INCHES
TUM,D,3,SNOW WC,2010-6-18 00:00,2010-6-18 00:00,-0.1, ,INCHES
TUM,D,3,SNOW WC,2010-6-19 00:00,2010-6-19 00:00,-0.22, ,INCHES
TUM,D,3,SNOW WC,2010-6-20 00:00,2010-6-20 00:00,-0.22, ,INCHES
TUM,D,3,SNOW WC,2010-6-21 00:00,2010-6-21 00:00,-0.22, ,INCHES
TUM,D,3,SNOW WC,2010-6-22 00:00,2010-6-22 00:00,-0.22, ,INCHES
TUM,D,3,SNOW WC,2010-6-23 00:00,2010-6-23 00:00,-0.22, ,INCHES
TUM,D,3,SNOW WC,2010-6-24 00:00,2010-6-24 00:00,-0.22, ,INCHES
TUM,D,3,SNOW WC,2010-6-25 00:00,2010-6-25 00:00,-0.22, ,INCHES
TUM,D,3,SNOW WC,2010-6-26 00:00,2010-6-26 00:00,-0.22, ,INCHES
TUM,D,3,SNOW WC,2010-6-27 00:00,2010-6-27 00:00,-0.22, ,INCHES
TUM,D,3,SNOW WC,2010-6-28 00:00,2010-6-28 00:00,-0.22, ,INCHES
TUM,D,3,SNOW WC,2010-6-29 00:00,2010-6-29 00:00,-0.22, ,INCHES
TUM,D,3,SNOW WC,2010-6-30 00:00,2010-6-30 00:00,-0.22, ,INCHES
TUM,D,3,SNOW WC,2010-7-1 00:00,2010-7-1 00:00,-0.22, ,INCHES
TUM,D,3,SNOW WC,2010-7-2 00:00,2010-7-2 00:00,-0.22, ,INCHES
TUM,D,3,SNOW WC,2010-7-3 00:00,2010-7-3 00:00,-0.22, ,INCHES
TUM,D,3,SNOW WC,2010-7-4 00:00,2010-7-4 00:00,-0.22, ,INCHES
TUM,D,3,SNOW WC,2010-7-5 00:00,2010-7-5 00:00,-0.22, ,INCHES
TUM,D,3,SNOW WC,2010-7-6 00:00,2010-7-6 00:00,-0.22, ,INCHES
TUM,D,3,SNOW WC,2010-7-7 00:00,2010-7-7 00:00,-0.22, ,INCHES
TUM,D,3,SNOW WC,2010-7-8 00:00,2010-7-8 00:00,-0.22, ,INCHES
TUM,D,3,SNOW WC,2010-7-9 00:00,2010-7-9 00:00,-0.22, ,INCHES
TUM,D,3,SNOW WC,2010-7-10 00:00,2010-7-10 00:00,-0.22, ,INCHES
TUM,D,3,SNOW WC,2010-7-11 00:00,2010-7-11 00:00,-0.34, ,INCHES
TUM,D,3,SNOW WC,2010-7-12 00:00,2010-7-12 00:00,-0.1, ,INCHES
TUM,D,3,SNOW WC,2010-7-13 00:00,2010-7-13 00:00,-0.1, ,INCHES
TUM,D,3,SNOW WC,2010-7-14 00:00,2010-7-14 00:00,-0.34, ,INCHES
TUM,D,3,SNOW WC,2010-7-15 00:00,2010-7-15 00:00,-0.34, ,INCHES
TUM,D,3,SNOW WC,2010-7-16 00:00,2010-7-16 00:00,-0.34, ,INCHES
TUM,D,3,SNOW WC,2010-7-17 00:00,2010-7-17 00:00,-0.34, ,INCHES
TUM,D,3,SNOW WC,2010-7-18 00:00,2010-7-18 00:00,-0.34, ,INCHES
TUM,D,3,SNOW WC,2010-7-19 00:00,2010-7-19 00:00,-0.34, ,INCHES
TUM,D,3,SNOW WC,2010-7-20 00:00,2010-7-20 00:00,-0.34, ,INCHES
TUM,D,3,SNOW WC,2010-7-21 00:00,2010-7-21 00:00,-0.34, ,INCHES
TUM,D,18,SNOW DP,2009-10-1 00:00,2009-10-1 00:00,4.0, ,INCHES
TUM,D,18,SNOW DP,2009-10-2 00:00,2009-10-2 00:00,5.0, ,INCHES
TUM,D,18,SNOW DP,2009-10-3 00:00,2009-10-3 00:00,5.0, ,INCHES
TUM,D,18,SNOW DP,2009-10-4 00:00,2009-10-4 00:00,4.0, ,INCHES
TUM,D,18,SNOW DP,2009-10-5 00:00,2009-10-5 00:00,5.0, ,INCHES
TUM,D,18,SNOW DP,2009-10-6 00:00,2009-10-6 00:00,5.0, ,INCHES
TUM,D,18,SNOW DP,2009-10-7 00:00,2009-10-7 00:00,5.0, ,INCHES
TUM,D,18,SNOW DP,2009-10-8 00:00,2009-10-8 00:00,5.0, ,INCHES
TUM,D,18,SNOW DP,2009-10-9 00:00,2009-10-9 00:00,4.0, ,INCHES
TUM,D,18,SNOW DP,2009-10-10 00:00,2009-10-10 00:00,4.0, ,INCHES
TUM,D,18,SNOW DP,2009-10-11 00:00,2009-10-11 00:00,5.0, ,INCHES
TUM,D,18,SNOW DP,2009-10-12 00:00,2009-10-12 00:00,3.0, ,INCHES
TUM,D,18,SNOW DP,2009-10-13 00:00,2009-10-13 00:00,7.0, ,INCHES
TUM,D,18,SNOW DP,2009-10-14 00:00,2009-10-14 00:00,7.0, ,INCHES
TUM,D,18,SNOW DP,2009-10-15 00:00,2009-10-15 00:00,4.0, ,INCHES
TUM,D,18,SNOW DP,2009-10-16 00:00,2009-10-16 00:00,4.0, ,INCHES
TUM,D,18,SNOW DP,2009-10-17 00:00,2009-10-17 00:00,4.0, ,INCHES
TUM,D,18,SNOW DP,2009-10-18 00:00,2009-10-18 00:00,4.0, ,INCHES
TUM,D,18,SNOW DP,2009-10-19 00:00,2009-10-19 00:00,3.0, ,INCHES
TUM,D,18,SNOW DP,2009-10-20 00:00,2009-10-20 00:00,4.0, ,INCHES
TUM,D,18,SNOW DP,2009-10-21 00:00,2009-10-21 00:00,4.0, ,INCHES
TUM,D,18,SNOW DP,2009-10-22 00:00,2009-10-22 00:00,4.0, ,INCHES
TUM,D,18,SNOW DP,2009-10-23 00:00,2009-10-23 00:00,4.0, ,INCHES
TUM,D,18,SNOW DP,2009-10-24 00:00,2009-10-24 00:00,3.0, ,INCHES
TUM,D,18,SNOW DP,2009-10-25 00:00,2009-10-25 00:00,4.0, ,INCHES
TUM,D,18,SNOW DP,2009-10-26 00:00,2009-10-26 00:00,4.0, ,INCHES
TUM,D,18,SNOW DP,2009-10-27 00:00,2009-10-27 00:00,4.0, ,INCHES
TUM,D,18,SNOW DP,2009-10-28 00:00,2009-10-28 00:00,4.0, ,INCHES
TUM,D,18,SNOW DP,2009-10-29 00:00,2009-10-29 00:00,4.0, ,INCHES
TUM,D,18,SNOW DP,2009-10-30 00:00,2009-10-30 00:00,4.0, ,INCHES
TUM,D,18,SNOW DP,2009-10-31 00:00,2009-10-31 00:00,4.0, ,INCHES
TUM,D,18,SNOW DP,2009-11-1 00:00,2009-11-1 00:00,3.0, ,INCHES
TUM,D,18,SNOW DP,2009-11-2 00:00,2009-11-2 00:00,3.0, ,INCHES
TUM,D,18,SNOW DP,2009-11-3 00:00,2009-11-3 00:00,3.0, ,INCHES
TUM,D,18,SNOW DP,2009-11-4 00:00,2009-11-4 00:00,4.0, ,INCHES
TUM,D,18,SNOW DP,2009-11-5 00:00,2009-11-5 00:00,3.0, ,INCHES
TUM,D,18,SNOW DP,2009-11-6 00:00,2009-11-6 00:00,1.0, ,INCHES
TUM,D,18,SNOW DP,2009-11-7 00:00,2009-11-7 00:00,2.0, ,INCHES
TUM,D,18,SNOW DP,2009-11-8 00:00,2009-11-8 00:00,2.0, ,INCHES
TUM,D,18,SNOW DP,2009-11-9 00:00,2009-11-9 00:00,3.0, ,INCHES
TUM,D,18,SNOW DP,2009-11-10 00:00,2009-11-10 00:00,2.0, ,INCHES
TUM,D,18,SNOW DP,2009-11-11 00:00,2009-11-11 00:00,2.0, ,INCHES
TUM,D,18,SNOW DP,2009-11-12 00:00,2009-11-12 00:00,1.0, ,INCHES
TUM,D,18,SNOW DP,2009-11-13 00:00,2009-11-13 00:00,7.0, ,INCHES
TUM,D,18,SNOW DP,2009-11-14 00:00,2009-11-14 00:00,5.0, ,INCHES
TUM,D,18,SNOW DP,2009-11-15 00:00,2009-11-15 00:00,3.0, ,INCHES
TUM,D,18,SNOW DP,2009-11-16 00:00,2009-11-16 00:00,2.0, ,INCHES
TUM,D,18,SNOW DP,2009-11-17 00:00,2009-11-17 00:00,2.0, ,INCHES
TUM,D,18,SNOW DP,2009-11-18 00:00,2009-11-18 00:00,3.0, ,INCHES
TUM,D,18,SNOW DP,2009-11-19 00:00,2009-11-19 00:00,2.0, ,INCHES
TUM,D,18,SNOW DP,2009-11-20 00:00,2009-11-20 00:00,3.0, ,INCHES
TUM,D,18,SNOW DP,2009-11-21 00:00,2009-11-21 00:00,4.0, ,INCHES
TUM,D,18,SNOW DP,2009-11-22 00:00,2009-11-22 00:00,2.0, ,INCHES
TUM,D,18,SNOW DP,2009-11-23 00:00,2009-11-23 00:00,2.0, ,INCHES
TUM,D,18,SNOW DP,2009-11-24 00:00,2009-11-24 00:00,3.0, ,INCHES
TUM,D,18,SNOW DP,2009-11-25 00:00,2009-11-25 00:00,1.0, ,INCHES
TUM,D,18,SNOW DP,2009-11-26 00:00,2009-11-26 00:00,4.0, ,INCHES
TUM,D,18,SNOW DP,2009-11-27 00:00,2009-11-27 00:00,3.0, ,INCHES
TUM,D,18,SNOW DP,2009-11-28 00:00,2009-11-28 00:00,8.0, ,INCHES
TUM,D,18,SNOW DP,2009-11-29 00:00,2009-11-29 00:00,9.0, ,INCHES
TUM,D,18,SNOW DP,2009-11-30 00:00,2009-11-30 00:00,7.0, ,INCHES
TUM,D,18,SNOW DP,2009-12-1 00:00,2009-12-1 00:00,5.0, ,INCHES
TUM,D,18,SNOW DP,2009-12-2 00:00,2009-12-2 00:00,5.0, ,INCHES
TUM,D,18,SNOW DP,2009-12-3 00:00,2009-12-3 00:00,5.0, ,INCHES
TUM,D,18,SNOW DP,2009-12-4 00:00,2009-12-4 00:00,5.0, ,INCHES
TUM,D,18,SNOW DP,2009-12-5 00:00,2009-12-5 00:00,4.0, ,INCHES
TUM,D,18,SNOW DP,2009-12-6 00:00,2009-12-6 00:00,4.0, ,INCHES
TUM,D,18,SNOW DP,2009-12-7 00:00,2009-12-7 00:00,9.0, ,INCHES
TUM,D,18,SNOW DP,2009-12-8 00:00,2009-12-8 00:00,14.0, ,INCHES
TUM,D,18,SNOW DP,2009-12-9 00:00,2009-12-9 00:00,12.0, ,INCHES
TUM,D,18,SNOW DP,2009-12-10 00:00,2009-12-10 00:00,11.0, ,INCHES
TUM,D,18,SNOW DP,2009-12-11 00:00,,-9999.0, ,INCHES
TUM,D,18,SNOW DP,2009-12-12 00:00,2009-12-12 00:00,16.0, ,INCHES
TUM,D,18,SNOW DP,2009-12-13 00:00,2009-12-13 00:00,40.0, ,INCHES
TUM,D,18,SNOW DP,2009-12-14 00:00,2009-12-14 00:00,38.0, ,INCHES
TUM,D,18,SNOW DP,2009-12-15 00:00,2009-12-15 00:00,34.0, ,INCHES
TUM,D,18,SNOW DP,2009-12-16 00:00,2009-12-16 00:00,31.0, ,INCHES
TUM,D,18,SNOW DP,2009-12-17 00:00,2009-12-17 00:00,28.0, ,INCHES
TUM,D,18,SNOW DP,2009-12-18 00:00,2009-12-18 00:00,27.0, ,INCHES
TUM,D,18,SNOW DP,2009-12-19 00:00,2009-12-19 00:00,26.0, ,INCHES
TUM,D,18,SNOW DP,2009-12-20 00:00,2009-12-20 00:00,25.0, ,INCHES
TUM,D,18,SNOW DP,2009-12-21 00:00,2009-12-21 00:00,25.0, ,INCHES
TUM,D,18,SNOW DP,2009-12-22 00:00,2009-12-22 00:00,34.0, ,INCHES
TUM,D,18,SNOW DP,2009-12-23 00:00,2009-12-23 00:00,33.0, ,INCHES
TUM,D,18,SNOW DP,2009-12-24 00:00,2009-12-24 00:00,31.0, ,INCHES
TUM,D,18,SNOW DP,2009-12-25 00:00,2009-12-25 00:00,29.0, ,INCHES
TUM,D,18,SNOW DP,2009-12-26 00:00,2009-12-26 00:00,29.0, ,INCHES
TUM,D,18,SNOW DP,2009-12-27 00:00,2009-12-27 00:00,28.0, ,INCHES
TUM,D,18,SNOW DP,2009-12-28 00:00,2009-12-28 00:00,29.0, ,INCHES
TUM,D,18,SNOW DP,2009-12-29 00:00,2009-12-29 00:00,30.0, ,INCHES
TUM,D,18,SNOW DP,2009-12-30 00:00,2009-12-30 00:00,31.0, ,INCHES
TUM,D,18,SNOW DP,2009-12-31 00:00,2009-12-31 00:00,33.0, ,INCHES
TUM,D,18,SNOW DP,2010-1-1 00:00,2010-1-1 00:00,31.0, ,INCHES
TUM,D,18,SNOW DP,2010-1-2 00:00,2010-1-2 00:00,30.0, ,INCHES
TUM,D,18,SNOW DP,2010-1-3 00:00,2010-1-3 00:00,29.0, ,INCHES
TUM,D,18,SNOW DP,2010-1-4 00:00,2010-1-4 00:00,29.0, ,INCHES
TUM,D,18,SNOW DP,2010-1-5 00:00,2010-1-5 00:00,28.0, ,INCHES
TUM,D,18,SNOW DP,2010-1-6 00:00,2010-1-6 00:00,28.0, ,INCHES
TUM,D,18,SNOW DP,2010-1-7 00:00,2010-1-7 00:00,28.0, ,INCHES
TUM,D,18,SNOW DP,2010-1-8 00:00,2010-1-8 00:00,27.0, ,INCHES
TUM,D,18,SNOW DP,2010-1-9 00:00,2010-1-9 00:00,27.0, ,INCHES
TUM,D,18,SNOW DP,2010-1-10 00:00,2010-1-10 00:00,28.0, ,INCHES
TUM,D,18,SNOW DP,2010-1-11 00:00,2010-1-11 00:00,28.0, ,INCHES
TUM,D,18,SNOW DP,2010-1-12 00:00,2010-1-12 00:00,27.0, ,INCHES
TUM,D,18,SNOW DP,2010-1-13 00:00,2010-1-13 00:00,36.0, ,INCHES
TUM,D,18,SNOW DP,2010-1-14 00:00,2010-1-14 00:00,39.0, ,INCHES
TUM,D,18,SNOW DP,2010-1-15 00:00,2010-1-15 00:00,38.0, ,INCHES
TUM,D,18,SNOW DP,2010-1-16 00:00,2010-1-16 00:00,36.0, ,INCHES
TUM,D,18,SNOW DP,2010-1-17 00:00,2010-1-17 00:00,35.0, ,INCHES
TUM,D,18,SNOW DP,2010-1-18 00:00,2010-1-18 00:00,39.0, ,INCHES
TUM,D,18,SNOW DP,2010-1-19 00:00,2010-1-19 00:00,55.0, ,INCHES
TUM,D,18,SNOW DP,2010-1-20 00:00,2010-1-20 00:00,61.0, ,INCHES
TUM,D,18,SNOW DP,2010-1-21 00:00,,-9999.0, ,INCHES
TUM,D,18,SNOW DP,2010-1-22 00:00,2010-1-22 00:00,78.0, ,INCHES
TUM,D,18,SNOW DP,2010-1-23 00:00,2010-1-23 00:00,73.0, ,INCHES
TUM,D,18,SNOW DP,2010-1-24 00:00,2010-1-24 00:00,69.0, ,INCHES
TUM,D,18,SNOW DP,2010-1-25 00:00,2010-1-25 00:00,69.0, ,INCHES
TUM,D,18,SNOW DP,2010-1-26 00:00,2010-1-26 00:00,68.0, ,INCHES
TUM,D,18,SNOW DP,2010-1-27 00:00,2010-1-27 00:00,64.0, ,INCHES
TUM,D,18,SNOW DP,2010-1-28 00:00,2010-1-28 00:00,63.0, ,INCHES
TUM,D,18,SNOW DP,2010-1-29 00:00,2010-1-29 00:00,61.0, ,INCHES
TUM,D,18,SNOW DP,2010-1-30 00:00,2010-1-30 00:00,60.0, ,INCHES
TUM,D,18,SNOW DP,2010-1-31 00:00,2010-1-31 00:00,60.0, ,INCHES
TUM,D,18,SNOW DP,2010-2-1 00:00,2010-2-1 00:00,59.0, ,INCHES
TUM,D,18,SNOW DP,2010-2-2 00:00,2010-2-2 00:00,58.0, ,INCHES
TUM,D,18,SNOW DP,2010-2-3 00:00,2010-2-3 00:00,57.0, ,INCHES
TUM,D,18,SNOW DP,2010-2-4 00:00,2010-2-4 00:00,56.0, ,INCHES
TUM,D,18,SNOW DP,2010-2-5 00:00,2010-2-5 00:00,59.0, ,INCHES
TUM,D,18,SNOW DP,2010-2-6 00:00,2010-2-6 00:00,62.0, ,INCHES
TUM,D,18,SNOW DP,2010-2-7 00:00,2010-2-7 00:00,64.0, ,INCHES
TUM,D,18,SNOW DP,2010-2-8 00:00,2010-2-8 00:00,61.0, ,INCHES
TUM,D,18,SNOW DP,2010-2-9 00:00,2010-2-9 00:00,60.0, ,INCHES
TUM,D,18,SNOW DP,2010-2-10 00:00,2010-2-10 00:00,60.0, ,INCHES
TUM,D,18,SNOW DP,2010-2-11 00:00,2010-2-11 00:00,59.0, ,INCHES
TUM,D,18,SNOW DP,2010-2-12 00:00,2010-2-12 00:00,58.0, ,INCHES
TUM,D,18,SNOW DP,2010-2-13 00:00,2010-2-13 00:00,57.0, ,INCHES
TUM,D,18,SNOW DP,2010-2-14 00:00,2010-2-14 00:00,56.0, ,INCHES
TUM,D,18,SNOW DP,2010-2-15 00:00,2010-2-15 00:00,55.0, ,INCHES
TUM,D,18,SNOW DP,2010-2-16 00:00,2010-2-16 00:00,54.0, ,INCHES
TUM,D,18,SNOW DP,2010-2-17 00:00,2010-2-17 00:00,53.0, ,INCHES
TUM,D,18,SNOW DP,2010-2-18 00:00,2010-2-18 00:00,52.0, ,INCHES
TUM,D,18,SNOW DP,2010-2-19 00:00,2010-2-19 00:00,51.0, ,INCHES
TUM,D,18,SNOW DP,2010-2-20 00:00,2010-2-20 00:00,51.0, ,INCHES
TUM,D,18,SNOW DP,2010-2-21 00:00,2010-2-21 00:00,53.0, ,INCHES
TUM,D,18,SNOW DP,2010-2-22 00:00,2010-2-22 00:00,63.0, ,INCHES
TUM,D,18,SNOW DP,2010-2-23 00:00,2010-2-23 00:00,58.0, ,INCHES
TUM,D,18,SNOW DP,2010-2-24 00:00,2010-2-24 00:00,67.0, ,INCHES
TUM,D,18,SNOW DP,2010-2-25 00:00,2010-2-25 00:00,69.0, ,INCHES
TUM,D,18,SNOW DP,2010-2-26 00:00,2010-2-26 00:00,67.0, ,INCHES
TUM,D,18,SNOW DP,2010-2-27 00:00,2010-2-27 00:00,82.0, ,INCHES
TUM,D,18,SNOW DP,2010-2-28 00:00,2010-2-28 00:00,79.0, ,INCHES
TUM,D,18,SNOW DP,2010-3-1 00:00,2010-3-1 00:00,75.0, ,INCHES
TUM,D,18,SNOW DP,2010-3-2 00:00,2010-3-2 00:00,73.0, ,INCHES
TUM,D,18,SNOW DP,2010-3-3 00:00,2010-3-3 00:00,72.0, ,INCHES
TUM,D,18,SNOW DP,2010-3-4 00:00,2010-3-4 00:00,81.0, ,INCHES
TUM,D,18,SNOW DP,2010-3-5 00:00,2010-3-5 00:00,77.0, ,INCHES
TUM,D,18,SNOW DP,2010-3-6 00:00,2010-3-6 00:00,75.0, ,INCHES
TUM,D,18,SNOW DP,2010-3-7 00:00,2010-3-7 00:00,73.0, ,INCHES
TUM,D,18,SNOW DP,2010-3-8 00:00,2010-3-8 00:00,71.0, ,INCHES
TUM,D,18,SNOW DP,2010-3-9 00:00,2010-3-9 00:00,75.0, ,INCHES
TUM,D,18,SNOW DP,2010-3-10 00:00,2010-3-10 00:00,73.0, ,INCHES
TUM,D,18,SNOW DP,2010-3-11 00:00,2010-3-11 00:00,71.0, ,INCHES
TUM,D,18,SNOW DP,2010-3-12 00:00,2010-3-12 00:00,69.0, ,INCHES
TUM,D,18,SNOW DP,2010-3-13 00:00,2010-3-13 00:00,81.0, ,INCHES
TUM,D,18,SNOW DP,2010-3-14 00:00,2010-3-14 00:00,76.0, ,INCHES
TUM,D,18,SNOW DP,2010-3-15 00:00,2010-3-15 00:00,72.0, ,INCHES
TUM,D,18,SNOW DP,2010-3-16 00:00,2010-3-16 00:00,69.0, ,INCHES
TUM,D,18,SNOW DP,2010-3-17 00:00,2010-3-17 00:00,67.0, ,INCHES
TUM,D,18,SNOW DP,2010-3-18 00:00,2010-3-18 00:00,65.0, ,INCHES
TUM,D,18,SNOW DP,2010-3-19 00:00,2010-3-19 00:00,64.0, ,INCHES
TUM,D,18,SNOW DP,2010-3-20 00:00,2010-3-20 00:00,63.0, ,INCHES
TUM,D,18,SNOW DP,2010-3-21 00:00,2010-3-21 00:00,61.0, ,INCHES
TUM,D,18,SNOW DP,2010-3-22 00:00,2010-3-22 00:00,60.0, ,INCHES
TUM,D,18,SNOW DP,2010-3-23 00:00,2010-3-23 00:00,59.0, ,INCHES
TUM,D,18,SNOW DP,2010-3-24 00:00,2010-3-24 00:00,58.0, ,INCHES
TUM,D,18,SNOW DP,2010-3-25 00:00,2010-3-25 00:00,57.0, ,INCHES
TUM,D,18,SNOW DP,2010-3-26 00:00,2010-3-26 00:00,57.0, ,INCHES
TUM,D,18,SNOW DP,2010-3-27 00:00,2010-3-27 00:00,55.0, ,INCHES
TUM,D,18,SNOW DP,2010-3-28 00:00,2010-3-28 00:00,54.0, ,INCHES
TUM,D,18,SNOW DP,2010-3-29 00:00,2010-3-29 00:00,53.0, ,INCHES
TUM,D,18,SNOW DP,2010-3-30 00:00,2010-3-30 00:00,51.0, ,INCHES
TUM,D,18,SNOW DP,2010-3-31 00:00,2010-3-31 00:00,56.0, ,INCHES
TUM,D,18,SNOW DP,2010-4-1 00:00,2010-4-1 00:00,60.0, ,INCHES
TUM,D,18,SNOW DP,2010-4-2 00:00,2010-4-2 00:00,57.0, ,INCHES
TUM,D,18,SNOW DP,2010-4-3 00:00,2010-4-3 00:00,58.0, ,INCHES
TUM,D,18,SNOW DP,2010-4-4 00:00,2010-4-4 00:00,57.0, ,INCHES
TUM,D,18,SNOW DP,2010-4-5 00:00,2010-4-5 00:00,74.0, ,INCHES
TUM,D,18,SNOW DP,2010-4-6 00:00,2010-4-6 00:00,76.0, ,INCHES
TUM,D,18,SNOW DP,2010-4-7 00:00,2010-4-7 00:00,70.0, ,INCHES
TUM,D,18,SNOW DP,2010-4-8 00:00,2010-4-8 00:00,64.0, ,INCHES
TUM,D,18,SNOW DP,2010-4-9 00:00,2010-4-9 00:00,59.0, ,INCHES
TUM,D,18,SNOW DP,2010-4-10 00:00,2010-4-10 00:00,57.0, ,INCHES
TUM,D,18,SNOW DP,2010-4-11 00:00,2010-4-11 00:00,56.0, ,INCHES
TUM,D,18,SNOW DP,2010-4-12 00:00,2010-4-12 00:00,70.0, ,INCHES
TUM,D,18,SNOW DP,2010-4-13 00:00,2010-4-13 00:00,65.0, ,INCHES
TUM,D,18,SNOW DP,2010-4-14 00:00,2010-4-14 00:00,61.0, ,INCHES
TUM,D,18,SNOW DP,2010-4-15 00:00,2010-4-15 00:00,59.0, ,INCHES
TUM,D,18,SNOW DP,2010-4-16 00:00,2010-4-16 00:00,56.0, ,INCHES
TUM,D,18,SNOW DP,2010-4-17 00:00,2010-4-17 00:00,55.0, ,INCHES
TUM,D,18,SNOW DP,2010-4-18 00:00,2010-4-18 00:00,54.0, ,INCHES
TUM,D,18,SNOW DP,2010-4-19 00:00,2010-4-19 00:00,52.0, ,INCHES
TUM,D,18,SNOW DP,2010-4-20 00:00,2010-4-20 00:00,48.0, ,INCHES
TUM,D,18,SNOW DP,2010-4-21 00:00,2010-4-21 00:00,59.0, ,INCHES
TUM,D,18,SNOW DP,2010-4-22 00:00,2010-4-22 00:00,59.0, ,INCHES
TUM,D,18,SNOW DP,2010-4-23 00:00,2010-4-23 00:00,57.0, ,INCHES
TUM,D,18,SNOW DP,2010-4-24 00:00,2010-4-24 00:00,53.0, ,INCHES
TUM,D,18,SNOW DP,2010-4-25 00:00,2010-4-25 00:00,51.0, ,INCHES
TUM,D,18,SNOW DP,2010-4-26 00:00,2010-4-26 00:00,49.0, ,INCHES
TUM,D,18,SNOW DP,2010-4-27 00:00,2010-4-27 00:00,47.0, ,INCHES
TUM,D,18,SNOW DP,2010-4-28 00:00,2010-4-28 00:00,50.0, ,INCHES
TUM,D,18,SNOW DP,2010-4-29 00:00,2010-4-29 00:00,54.0, ,INCHES
TUM,D,18,SNOW DP,2010-4-30 00:00,2010-4-30 00:00,50.0, ,INCHES
TUM,D,18,SNOW DP,2010-5-1 00:00,2010-5-1 00:00,48.0, ,INCHES
TUM,D,18,SNOW DP,2010-5-2 00:00,2010-5-2 00:00,46.0, ,INCHES
TUM,D,18,SNOW DP,2010-5-3 00:00,2010-5-3 00:00,44.0, ,INCHES
TUM,D,18,SNOW DP,2010-5-4 00:00,2010-5-4 00:00,41.0, ,INCHES
TUM,D,18,SNOW DP,2010-5-5 00:00,2010-5-5 00:00,38.0, ,INCHES
TUM,D,18,SNOW DP,2010-5-6 00:00,2010-5-6 00:00,36.0, ,INCHES
TUM,D,18,SNOW DP,2010-5-7 00:00,2010-5-7 00:00,35.0, ,INCHES
TUM,D,18,SNOW DP,2010-5-8 00:00,2010-5-8 00:00,32.0, ,INCHES
TUM,D,18,SNOW DP,2010-5-9 00:00,2010-5-9 00:00,28.0, ,INCHES
TUM,D,18,SNOW DP,2010-5-10 00:00,2010-5-10 00:00,29.0, ,INCHES
TUM,D,18,SNOW DP,2010-5-11 00:00,2010-5-11 00:00,36.0, ,INCHES
TUM,D,18,SNOW DP,2010-5-12 00:00,2010-5-12 00:00,30.0, ,INCHES
TUM,D,18,SNOW DP,2010-5-13 00:00,2010-5-13 00:00,27.0, ,INCHES
TUM,D,18,SNOW DP,2010-5-14 00:00,2010-5-14 00:00,26.0, ,INCHES
TUM,D,18,SNOW DP,2010-5-15 00:00,2010-5-15 00:00,24.0, ,INCHES
TUM,D,18,SNOW DP,2010-5-16 00:00,2010-5-16 00:00,22.0, ,INCHES
TUM,D,18,SNOW DP,2010-5-17 00:00,2010-5-17 00:00,20.0, ,INCHES
TUM,D,18,SNOW DP,2010-5-18 00:00,2010-5-18 00:00,18.0, ,INCHES
TUM,D,18,SNOW DP,2010-5-19 00:00,2010-5-19 00:00,18.0, ,INCHES
TUM,D,18,SNOW DP,2010-5-20 00:00,2010-5-20 00:00,15.0, ,INCHES
TUM,D,18,SNOW DP,2010-5-21 00:00,2010-5-21 00:00,14.0, ,INCHES
TUM,D,18,SNOW DP,2010-5-22 00:00,2010-5-22 00:00,13.0, ,INCHES
TUM,D,18,SNOW DP,2010-5-23 00:00,2010-5-23 00:00,18.0, ,INCHES
TUM,D,18,SNOW DP,2010-5-24 00:00,2010-5-24 00:00,12.0, ,INCHES
TUM,D,18,SNOW DP,2010-5-25 00:00,2010-5-25 00:00,12.0, ,INCHES
TUM,D,18,SNOW DP,2010-5-26 00:00,2010-5-26 00:00,10.0, ,INCHES
TUM,D,18,SNOW DP,2010-5-27 00:00,2010-5-27 00:00,7.0, ,INCHES
TUM,D,18,SNOW DP,2010-5-28 00:00,2010-5-28 00:00,10.0, ,INCHES
TUM,D,18,SNOW DP,2010-5-29 00:00,2010-5-29 00:00,6.0, ,INCHES
TUM,D,18,SNOW DP,2010-5-30 00:00,2010-5-30 00:00,4.0, ,INCHES
TUM,D,18,SNOW DP,2010-5-31 00:00,2010-5-31 00:00,-1.0, ,INCHES
TUM,D,18,SNOW DP,2010-6-1 00:00,2010-6-1 00:00,0.0, ,INCHES
TUM,D,18,SNOW DP,2010-6-2 00:00,,-9999.0, ,INCHES
TUM,D,18,SNOW DP,2010-6-3 00:00,,-9999.0, ,INCHES
TUM,D,18,SNOW DP,2010-6-4 00:00,2010-6-4 00:00,1.0, ,INCHES
TUM,D,18,SNOW DP,2010-6-5 00:00,2010-6-5 00:00,-1.0, ,INCHES
TUM,D,18,SNOW DP,2010-6-6 00:00,2010-6-6 00:00,0.0, ,INCHES
TUM,D,18,SNOW DP,2010-6-7 00:00,2010-6-7 00:00,1.0, ,INCHES
TUM,D,18,SNOW DP,2010-6-8 00:00,2010-6-8 00:00,0.0, ,INCHES
TUM,D,18,SNOW DP,2010-6-9 00:00,2010-6-9 00:00,0.0, ,INCHES
TUM,D,18,SNOW DP,2010-6-10 00:00,2010-6-10 00:00,0.0, ,INCHES
TUM,D,18,SNOW DP,2010-6-11 00:00,2010-6-11 00:00,1.0, ,INCHES
TUM,D,18,SNOW DP,2010-6-12 00:00,2010-6-12 00:00,1.0, ,INCHES
TUM,D,18,SNOW DP,2010-6-13 00:00,2010-6-13 00:00,1.0, ,INCHES
TUM,D,18,SNOW DP,2010-6-14 00:00,2010-6-14 00:00,1.0, ,INCHES
TUM,D,18,SNOW DP,2010-6-15 00:00,2010-6-15 00:00,0.0, ,INCHES
TUM,D,18,SNOW DP,2010-6-16 00:00,2010-6-16 00:00,0.0, ,INCHES
TUM,D,18,SNOW DP,2010-6-17 00:00,2010-6-17 00:00,1.0, ,INCHES
TUM,D,18,SNOW DP,2010-6-18 00:00,2010-6-18 00:00,0.0, ,INCHES
TUM,D,18,SNOW DP,2010-6-19 00:00,2010-6-19 00:00,1.0, ,INCHES
TUM,D,18,SNOW DP,2010-6-20 00:00,,-9999.0, ,INCHES
TUM,D,18,SNOW DP,2010-6-21 00:00,2010-6-21 00:00,0.0, ,INCHES
TUM,D,18,SNOW DP,2010-6-22 00:00,2010-6-22 00:00,1.0, ,INCHES
TUM,D,18,SNOW DP,2010-6-23 00:00,2010-6-23 00:00,1.0, ,INCHES
TUM,D,18,SNOW DP,2010-6-24 00:00,2010-6-24 00:00,2.0, ,INCHES
TUM,D,18,SNOW DP,2010-6-25 00:00,,-9999.0, ,INCHES
TUM,D,18,SNOW DP,2010-6-26 00:00,,-9999.0, ,INCHES
TUM,D,18,SNOW DP,2010-6-27 00:00,2010-6-27 00:00,0.0, ,INCHES
TUM,D,18,SNOW DP,2010-6-28 00:00,2010-6-28 00:00,1.0, ,INCHES
TUM,D,18,SNOW DP,2010-6-29 00:00,2010-6-29 00:00,0.0, ,INCHES
TUM,D,18,SNOW DP,2010-6-30 00:00,2010-6-30 00:00,2.0, ,INCHES
TUM,D,18,SNOW DP,2010-7-1 00:00,2010-7-1 00:00,0.0, ,INCHES
TUM,D,18,SNOW DP,2010-7-2 00:00,2010-7-2 00:00,3.0, ,INCHES
TUM,D,18,SNOW DP,2010-7-3 00:00,,-9999.0, ,INCHES
TUM,D,18,SNOW DP,2010-7-4 00:00,,-9999.0, ,INCHES
TUM,D,18,SNOW DP,2010-7-5 00:00,2010-7-5 00:00,0.0, ,INCHES
TUM,D,18,SNOW DP,2010-7-6 00:00,,-9999.0, ,INCHES
TUM,D,18,SNOW DP,2010-7-7 00:00,2010-7-7 00:00,2.0, ,INCHES
TUM,D,18,SNOW DP,2010-7-8 00:00,,-9999.0, ,INCHES
TUM,D,18,SNOW DP,2010-7-9 00:00,2010-7-9 00:00,0.0, ,INCHES
TUM,D,18,SNOW DP,2010-7-10 00:00,2010-7-10 00:00,1.0, ,INCHES
TUM,D,18,SNOW DP,2010-7-11 00:00,2010-7-11 00:00,1.0, ,INCHES
TUM,D,18,SNOW DP,2010-7-12 00:00,,-9999.0, ,INCHES
TUM,D,18,SNOW DP,2010-7-13 00:00,2010-7-13 00:00,2.0, ,INCHES
TUM,D,18,SNOW DP,2010-7-14 00:00,2010-7-14 00:00,2.0, ,INCHES
TUM,D,18,SNOW DP,2010-7-15 00:00,2010-7-15 00:00,4.0, ,INCHES
TUM,D,18,SNOW DP,2010-7-16 00:00,2010-7-16 00:00,2.0, ,INCHES
TUM,D,18,SNOW DP,2010-7-17 00:00,2010-7-17 00:00,3.0, ,INCHES
TUM,D,18,SNOW DP,2010-7-18 00:00,2010-7-18 00:00,2.0, ,INCHES
TUM,D,18,SNOW DP,2010-7-19 00:00,2010-7-19 00:00,2.0, ,INCHES
TUM,D,18,SNOW DP,2010-7-20 00:00,2010-7-20 00:00,2.0, ,INCHES
TUM,D,18,SNOW DP,2010-7-21 00:00,2010-7-21 00:00,2.0, ,INCHES
TUM,D,30,TEMP AV,2009-10-1 00:00,2009-10-1 00:00,39.0, ,DEG F
TUM,D,30,TEMP AV,2009-10-2 00:00,2009-10-2 00:00,38.0, ,DEG F
TUM,D,30,TEMP AV,2009-10-3 00:00,2009-10-3 00:00,40.0, ,DEG F
TUM,D,30,TEMP AV,2009-10-4 00:00,2009-10-4 00:00,23.0, ,DEG F
TUM,D,30,TEMP AV,2009-10-5 00:00,2009-10-5 00:00,26.0, ,DEG F
TUM,D,30,TEMP AV,2009-10-6 00:00,2009-10-6 00:00,33.0, ,DEG F
TUM,D,30,TEMP AV,2009-10-7 00:00,2009-10-7 00:00,34.0, ,DEG F
TUM,D,30,TEMP AV,2009-10-8 00:00,2009-10-8 00:00,36.0, ,DEG F
TUM,D,30,TEMP AV,2009-10-9 00:00,2009-10-9 00:00,39.0, ,DEG F
TUM,D,30,TEMP AV,2009-10-10 00:00,2009-10-10 00:00,41.0, ,DEG F
TUM,D,30,TEMP AV,2009-10-11 00:00,2009-10-11 00:00,37.0, ,DEG F
TUM,D,30,TEMP AV,2009-10-12 00:00,2009-10-12 00:00,34.0, ,DEG F
TUM,D,30,TEMP AV,2009-10-13 00:00,2009-10-13 00:00,31.0, ,DEG F
TUM,D,30,TEMP AV,2009-10-14 00:00,2009-10-14 00:00,39.0, ,DEG F
TUM,D,30,TEMP AV,2009-10-15 00:00,2009-10-15 00:00,43.0, ,DEG F
TUM,D,30,TEMP AV,2009-10-16 00:00,2009-10-16 00:00,44.0, ,DEG F
TUM,D,30,TEMP AV,2009-10-17 00:00,2009-10-17 00:00,43.0, ,DEG F
TUM,D,30,TEMP AV,2009-10-18 00:00,2009-10-18 00:00,41.0, ,DEG F
TUM,D,30,TEMP AV,2009-10-19 00:00,2009-10-19 00:00,32.0, ,DEG F
TUM,D,30,TEMP AV,2009-10-20 00:00,2009-10-20 00:00,34.0, ,DEG F
TUM,D,30,TEMP AV,2009-10-21 00:00,2009-10-21 00:00,39.0, ,DEG F
TUM,D,30,TEMP AV,2009-10-22 00:00,2009-10-22 00:00,40.0, ,DEG F
TUM,D,30,TEMP AV,2009-10-23 00:00,2009-10-23 00:00,40.0, ,DEG F
TUM,D,30,TEMP AV,2009-10-24 00:00,2009-10-24 00:00,39.0, ,DEG F
TUM,D,30,TEMP AV,2009-10-25 00:00,2009-10-25 00:00,39.0, ,DEG F
TUM,D,30,TEMP AV,2009-10-26 00:00,2009-10-26 00:00,40.0, ,DEG F
TUM,D,30,TEMP AV,2009-10-27 00:00,2009-10-27 00:00,28.0, ,DEG F
TUM,D,30,TEMP AV,2009-10-28 00:00,2009-10-28 00:00,20.0, ,DEG F
TUM,D,30,TEMP AV,2009-10-29 00:00,2009-10-29 00:00,32.0, ,DEG F
TUM,D,30,TEMP AV,2009-10-30 00:00,2009-10-30 00:00,38.0, ,DEG F
TUM,D,30,TEMP AV,2009-10-31 00:00,2009-10-31 00:00,39.0, ,DEG F
TUM,D,30,TEMP AV,2009-11-1 00:00,2009-11-1 00:00,39.0, ,DEG F
TUM,D,30,TEMP AV,2009-11-2 00:00,2009-11-2 00:00,39.0, ,DEG F
TUM,D,30,TEMP AV,2009-11-3 00:00,2009-11-3 00:00,40.0, ,DEG F
TUM,D,30,TEMP AV,2009-11-4 00:00,2009-11-4 00:00,39.0, ,DEG F
TUM,D,30,TEMP AV,2009-11-5 00:00,2009-11-5 00:00,38.0, ,DEG F
TUM,D,30,TEMP AV,2009-11-6 00:00,2009-11-6 00:00,31.0, ,DEG F
TUM,D,30,TEMP AV,2009-11-7 00:00,2009-11-7 00:00,28.0, ,DEG F
TUM,D,30,TEMP AV,2009-11-8 00:00,2009-11-8 00:00,27.0, ,DEG F
TUM,D,30,TEMP AV,2009-11-9 00:00,2009-11-9 00:00,29.0, ,DEG F
TUM,D,30,TEMP AV,2009-11-10 00:00,2009-11-10 00:00,33.0, ,DEG F
TUM,D,30,TEMP AV,2009-11-11 00:00,2009-11-11 00:00,35.0, ,DEG F
TUM,D,30,TEMP AV,2009-11-12 00:00,2009-11-12 00:00,27.0, ,DEG F
TUM,D,30,TEMP AV,2009-11-13 00:00,2009-11-13 00:00,19.0, ,DEG F
TUM,D,30,TEMP AV,2009-11-14 00:00,2009-11-14 00:00,22.0, ,DEG F
TUM,D,30,TEMP AV,2009-11-15 00:00,2009-11-15 00:00,30.0, ,DEG F
TUM,D,30,TEMP AV,2009-11-16 00:00,2009-11-16 00:00,31.0, ,DEG F
TUM,D,30,TEMP AV,2009-11-17 00:00,2009-11-17 00:00,31.0, ,DEG F
TUM,D,30,TEMP AV,2009-11-18 00:00,2009-11-18 00:00,29.0, ,DEG F
TUM,D,30,TEMP AV,2009-11-19 00:00,2009-11-19 00:00,30.0, ,DEG F
TUM,D,30,TEMP AV,2009-11-20 00:00,2009-11-20 00:00,30.0, ,DEG F
TUM,D,30,TEMP AV,2009-11-21 00:00,2009-11-21 00:00,28.0, ,DEG F
TUM,D,30,TEMP AV,2009-11-22 00:00,2009-11-22 00:00,28.0, ,DEG F
TUM,D,30,TEMP AV,2009-11-23 00:00,2009-11-23 00:00,32.0, ,DEG F
TUM,D,30,TEMP AV,2009-11-24 00:00,2009-11-24 00:00,34.0, ,DEG F
TUM,D,30,TEMP AV,2009-11-25 00:00,2009-11-25 00:00,34.0, ,DEG F
TUM,D,30,TEMP AV,2009-11-26 00:00,2009-11-26 00:00,30.0, ,DEG F
TUM,D,30,TEMP AV,2009-11-27 00:00,2009-11-27 00:00,27.0, ,DEG F
TUM,D,30,TEMP AV,2009-11-28 00:00,2009-11-28 00:00,22.0, ,DEG F
TUM,D,30,TEMP AV,2009-11-29 00:00,2009-11-29 00:00,26.0, ,DEG F
TUM,D,30,TEMP AV,2009-11-30 00:00,2009-11-30 00:00,26.0, ,DEG F
TUM,D,30,TEMP AV,2009-12-1 00:00,2009-12-1 00:00,25.0, ,DEG F
TUM,D,30,TEMP AV,2009-12-2 00:00,2009-12-2 00:00,22.0, ,DEG F
TUM,D,30,TEMP AV,2009-12-3 00:00,2009-12-3 00:00,23.0, ,DEG F
TUM,D,30,TEMP AV,2009-12-4 00:00,2009-12-4 00:00,24.0, ,DEG F
TUM,D,30,TEMP AV,2009-12-5 00:00,2009-12-5 00:00,18.0, ,DEG F
TUM,D,30,TEMP AV,2009-12-6 00:00,2009-12-6 00:00,11.0, ,DEG F
TUM,D,30,TEMP AV,2009-12-7 00:00,2009-12-7 00:00,11.0, ,DEG F
TUM,D,30,TEMP AV,2009-12-8 00:00,2009-12-8 00:00,0.0, ,DEG F
TUM,D,30,TEMP AV,2009-12-9 00:00,2009-12-9 00:00,6.0, ,DEG F
TUM,D,30,TEMP AV,2009-12-10 00:00,2009-12-10 00:00,22.0, ,DEG F
TUM,D,30,TEMP AV,2009-12-11 00:00,2009-12-11 00:00,27.0, ,DEG F
TUM,D,30,TEMP AV,2009-12-12 00:00,2009-12-12 00:00,25.0, ,DEG F
TUM,D,30,TEMP AV,2009-12-13 00:00,2009-12-13 00:00,21.0, ,DEG F
TUM,D,30,TEMP AV,2009-12-14 00:00,2009-12-14 00:00,12.0, ,DEG F
TUM,D,30,TEMP AV,2009-12-15 00:00,2009-12-15 00:00,19.0, ,DEG F
TUM,D,30,TEMP AV,2009-12-16 00:00,2009-12-16 00:00,24.0, ,DEG F
TUM,D,30,TEMP AV,2009-12-17 00:00,2009-12-17 00:00,23.0, ,DEG F
TUM,D,30,TEMP AV,2009-12-18 00:00,2009-12-18 00:00,24.0, ,DEG F
TUM,D,30,TEMP AV,2009-12-19 00:00,2009-12-19 00:00,23.0, ,DEG F
TUM,D,30,TEMP AV,2009-12-20 00:00,2009-12-20 00:00,22.0, ,DEG F
TUM,D,30,TEMP AV,2009-12-21 00:00,2009-12-21 00:00,22.0, ,DEG F
TUM,D,30,TEMP AV,2009-12-22 00:00,2009-12-22 00:00,13.0, ,DEG F
TUM,D,30,TEMP AV,2009-12-23 00:00,2009-12-23 00:00,25.0, ,DEG F
TUM,D,30,TEMP AV,2009-12-24 00:00,2009-12-24 00:00,25.0, ,DEG F
TUM,D,30,TEMP AV,2009-12-25 00:00,2009-12-25 00:00,24.0, ,DEG F
TUM,D,30,TEMP AV,2009-12-26 00:00,2009-12-26 00:00,18.0, ,DEG F
TUM,D,30,TEMP AV,2009-12-27 00:00,2009-12-27 00:00,18.0, ,DEG F
TUM,D,30,TEMP AV,2009-12-28 00:00,2009-12-28 00:00,16.0, ,DEG F
TUM,D,30,TEMP AV,2009-12-29 00:00,2009-12-29 00:00,23.0, ,DEG F
TUM,D,30,TEMP AV,2009-12-30 00:00,2009-12-30 00:00,19.0, ,DEG F
TUM,D,30,TEMP AV,2009-12-31 00:00,2009-12-31 00:00,25.0, ,DEG F
TUM,D,30,TEMP AV,2010-1-1 00:00,2010-1-1 00:00,22.0, ,DEG F
TUM,D,30,TEMP AV,2010-1-2 00:00,2010-1-2 00:00,19.0, ,DEG F
TUM,D,30,TEMP AV,2010-1-3 00:00,2010-1-3 00:00,24.0, ,DEG F
TUM,D,30,TEMP AV,2010-1-4 00:00,2010-1-4 00:00,22.0, ,DEG F
TUM,D,30,TEMP AV,2010-1-5 00:00,2010-1-5 00:00,24.0, ,DEG F
TUM,D,30,TEMP AV,2010-1-6 00:00,2010-1-6 00:00,28.0, ,DEG F
TUM,D,30,TEMP AV,2010-1-7 00:00,2010-1-7 00:00,31.0, ,DEG F
TUM,D,30,TEMP AV,2010-1-8 00:00,2010-1-8 00:00,32.0, ,DEG F
TUM,D,30,TEMP AV,2010-1-9 00:00,2010-1-9 00:00,31.0, ,DEG F
TUM,D,30,TEMP AV,2010-1-10 00:00,2010-1-10 00:00,30.0, ,DEG F
TUM,D,30,TEMP AV,2010-1-11 00:00,2010-1-11 00:00,29.0, ,DEG F
TUM,D,30,TEMP AV,2010-1-12 00:00,2010-1-12 00:00,31.0, ,DEG F
TUM,D,30,TEMP AV,2010-1-13 00:00,2010-1-13 00:00,22.0, ,DEG F
TUM,D,30,TEMP AV,2010-1-14 00:00,2010-1-14 00:00,17.0, ,DEG F
TUM,D,30,TEMP AV,2010-1-15 00:00,2010-1-15 00:00,25.0, ,DEG F
TUM,D,30,TEMP AV,2010-1-16 00:00,2010-1-16 00:00,24.0, ,DEG F
TUM,D,30,TEMP AV,2010-1-17 00:00,2010-1-17 00:00,23.0, ,DEG F
TUM,D,30,TEMP AV,2010-1-18 00:00,2010-1-18 00:00,20.0, ,DEG F
TUM,D,30,TEMP AV,2010-1-19 00:00,2010-1-19 00:00,20.0, ,DEG F
TUM,D,30,TEMP AV,2010-1-20 00:00,2010-1-20 00:00,19.0, ,DEG F
TUM,D,30,TEMP AV,2010-1-21 00:00,2010-1-21 00:00,15.0, ,DEG F
TUM,D,30,TEMP AV,2010-1-22 00:00,2010-1-22 00:00,20.0, ,DEG F
TUM,D,30,TEMP AV,2010-1-23 00:00,2010-1-23 00:00,11.0, ,DEG F
TUM,D,30,TEMP AV,2010-1-24 00:00,2010-1-24 00:00,16.0, ,DEG F
TUM,D,30,TEMP AV,2010-1-25 00:00,2010-1-25 00:00,26.0, ,DEG F
TUM,D,30,TEMP AV,2010-1-26 00:00,2010-1-26 00:00,25.0, ,DEG F
TUM,D,30,TEMP AV,2010-1-27 00:00,2010-1-27 00:00,22.0, ,DEG F
TUM,D,30,TEMP AV,2010-1-28 00:00,2010-1-28 00:00,27.0, ,DEG F
TUM,D,30,TEMP AV,2010-1-29 00:00,2010-1-29 00:00,28.0, ,DEG F
TUM,D,30,TEMP AV,2010-1-30 00:00,2010-1-30 00:00,20.0, ,DEG F
TUM,D,30,TEMP AV,2010-1-31 00:00,2010-1-31 00:00,14.0, ,DEG F
TUM,D,30,TEMP AV,2010-2-1 00:00,2010-2-1 00:00,22.0, ,DEG F
TUM,D,30,TEMP AV,2010-2-2 00:00,2010-2-2 00:00,25.0, ,DEG F
TUM,D,30,TEMP AV,2010-2-3 00:00,2010-2-3 00:00,19.0, ,DEG F
TUM,D,30,TEMP AV,2010-2-4 00:00,2010-2-4 00:00,26.0, ,DEG F
TUM,D,30,TEMP AV,2010-2-5 00:00,2010-2-5 00:00,28.0, ,DEG F
TUM,D,30,TEMP AV,2010-2-6 00:00,2010-2-6 00:00,25.0, ,DEG F
TUM,D,30,TEMP AV,2010-2-7 00:00,2010-2-7 00:00,22.0, ,DEG F
TUM,D,30,TEMP AV,2010-2-8 00:00,2010-2-8 00:00,16.0, ,DEG F
TUM,D,30,TEMP AV,2010-2-9 00:00,2010-2-9 00:00,21.0, ,DEG F
TUM,D,30,TEMP AV,2010-2-10 00:00,2010-2-10 00:00,19.0, ,DEG F
TUM,D,30,TEMP AV,2010-2-11 00:00,2010-2-11 00:00,29.0, ,DEG F
TUM,D,30,TEMP AV,2010-2-12 00:00,2010-2-12 00:00,26.0, ,DEG F
TUM,D,30,TEMP AV,2010-2-13 00:00,2010-2-13 00:00,26.0, ,DEG F
TUM,D,30,TEMP AV,2010-2-14 00:00,2010-2-14 00:00,26.0, ,DEG F
TUM,D,30,TEMP AV,2010-2-15 00:00,2010-2-15 00:00,28.0, ,DEG F
TUM,D,30,TEMP AV,2010-2-16 00:00,2010-2-16 00:00,29.0, ,DEG F
TUM,D,30,TEMP AV,2010-2-17 00:00,2010-2-17 00:00,29.0, ,DEG F
TUM,D,30,TEMP AV,2010-2-18 00:00,2010-2-18 00:00,27.0, ,DEG F
TUM,D,30,TEMP AV,2010-2-19 00:00,2010-2-19 00:00,24.0, ,DEG F
TUM,D,30,TEMP AV,2010-2-20 00:00,2010-2-20 00:00,25.0, ,DEG F
TUM,D,30,TEMP AV,2010-2-21 00:00,2010-2-21 00:00,21.0, ,DEG F
TUM,D,30,TEMP AV,2010-2-22 00:00,2010-2-22 00:00,17.0, ,DEG F
TUM,D,30,TEMP AV,2010-2-23 00:00,2010-2-23 00:00,21.0, ,DEG F
TUM,D,30,TEMP AV,2010-2-24 00:00,2010-2-24 00:00,28.0, ,DEG F
TUM,D,30,TEMP AV,2010-2-25 00:00,2010-2-25 00:00,23.0, ,DEG F
TUM,D,30,TEMP AV,2010-2-26 00:00,2010-2-26 00:00,26.0, ,DEG F
TUM,D,30,TEMP AV,2010-2-27 00:00,2010-2-27 00:00,26.0, ,DEG F
TUM,D,30,TEMP AV,2010-2-28 00:00,2010-2-28 00:00,26.0, ,DEG F
TUM,D,30,TEMP AV,2010-3-1 00:00,2010-3-1 00:00,27.0, ,DEG F
TUM,D,30,TEMP AV,2010-3-2 00:00,2010-3-2 00:00,28.0, ,DEG F
TUM,D,30,TEMP AV,2010-3-3 00:00,2010-3-3 00:00,18.0, ,DEG F
TUM,D,30,TEMP AV,2010-3-4 00:00,2010-3-4 00:00,17.0, ,DEG F
TUM,D,30,TEMP AV,2010-3-5 00:00,2010-3-5 00:00,20.0, ,DEG F
TUM,D,30,TEMP AV,2010-3-6 00:00,2010-3-6 00:00,24.0, ,DEG F
TUM,D,30,TEMP AV,2010-3-7 00:00,2010-3-7 00:00,23.0, ,DEG F
TUM,D,30,TEMP AV,2010-3-8 00:00,2010-3-8 00:00,21.0, ,DEG F
TUM,D,30,TEMP AV,2010-3-9 00:00,2010-3-9 00:00,16.0, ,DEG F
TUM,D,30,TEMP AV,2010-3-10 00:00,2010-3-10 00:00,17.0, ,DEG F
TUM,D,30,TEMP AV,2010-3-11 00:00,2010-3-11 00:00,23.0, ,DEG F
TUM,D,30,TEMP AV,2010-3-12 00:00,2010-3-12 00:00,24.0, ,DEG F
TUM,D,30,TEMP AV,2010-3-13 00:00,2010-3-13 00:00,23.0, ,DEG F
TUM,D,30,TEMP AV,2010-3-14 00:00,2010-3-14 00:00,27.0, ,DEG F
TUM,D,30,TEMP AV,2010-3-15 00:00,2010-3-15 00:00,34.0, ,DEG F
TUM,D,30,TEMP AV,2010-3-16 00:00,2010-3-16 00:00,35.0, ,DEG F
TUM,D,30,TEMP AV,2010-3-17 00:00,2010-3-17 00:00,34.0, ,DEG F
TUM,D,30,TEMP AV,2010-3-18 00:00,2010-3-18 00:00,31.0, ,DEG F
TUM,D,30,TEMP AV,2010-3-19 00:00,2010-3-19 00:00,35.0, ,DEG F
TUM,D,30,TEMP AV,2010-3-20 00:00,2010-3-20 00:00,32.0, ,DEG F
TUM,D,30,TEMP AV,2010-3-21 00:00,2010-3-21 00:00,28.0, ,DEG F
TUM,D,30,TEMP AV,2010-3-22 00:00,2010-3-22 00:00,28.0, ,DEG F
TUM,D,30,TEMP AV,2010-3-23 00:00,2010-3-23 00:00,35.0, ,DEG F
TUM,D,30,TEMP AV,2010-3-24 00:00,2010-3-24 00:00,31.0, ,DEG F
TUM,D,30,TEMP AV,2010-3-25 00:00,2010-3-25 00:00,28.0, ,DEG F
TUM,D,30,TEMP AV,2010-3-26 00:00,2010-3-26 00:00,26.0, ,DEG F
TUM,D,30,TEMP AV,2010-3-27 00:00,2010-3-27 00:00,33.0, ,DEG F
TUM,D,30,TEMP AV,2010-3-28 00:00,2010-3-28 00:00,33.0, ,DEG F
TUM,D,30,TEMP AV,2010-3-29 00:00,2010-3-29 00:00,34.0, ,DEG F
TUM,D,30,TEMP AV,2010-3-30 00:00,2010-3-30 00:00,27.0, ,DEG F
TUM,D,30,TEMP AV,2010-3-31 00:00,2010-3-31 00:00,17.0, ,DEG F
TUM,D,30,TEMP AV,2010-4-1 00:00,2010-4-1 00:00,14.0, ,DEG F
TUM,D,30,TEMP AV,2010-4-2 00:00,2010-4-2 00:00,21.0, ,DEG F
TUM,D,30,TEMP AV,2010-4-3 00:00,2010-4-3 00:00,21.0, ,DEG F
TUM,D,30,TEMP AV,2010-4-4 00:00,2010-4-4 00:00,16.0, ,DEG F
TUM,D,30,TEMP AV,2010-4-5 00:00,2010-4-5 00:00,18.0, ,DEG F
TUM,D,30,TEMP AV,2010-4-6 00:00,2010-4-6 00:00,21.0, ,DEG F
TUM,D,30,TEMP AV,2010-4-7 00:00,2010-4-7 00:00,34.0, ,DEG F
TUM,D,30,TEMP AV,2010-4-8 00:00,2010-4-8 00:00,33.0, ,DEG F
TUM,D,30,TEMP AV,2010-4-9 00:00,2010-4-9 00:00,32.0, ,DEG F
TUM,D,30,TEMP AV,2010-4-10 00:00,2010-4-10 00:00,32.0, ,DEG F
TUM,D,30,TEMP AV,2010-4-11 00:00,2010-4-11 00:00,30.0, ,DEG F
TUM,D,30,TEMP AV,2010-4-12 00:00,2010-4-12 00:00,23.0, ,DEG F
TUM,D,30,TEMP AV,2010-4-13 00:00,2010-4-13 00:00,24.0, ,DEG F
TUM,D,30,TEMP AV,2010-4-14 00:00,2010-4-14 00:00,26.0, ,DEG F
TUM,D,30,TEMP AV,2010-4-15 00:00,2010-4-15 00:00,33.0, ,DEG F
TUM,D,30,TEMP AV,2010-4-16 00:00,2010-4-16 00:00,33.0, ,DEG F
TUM,D,30,TEMP AV,2010-4-17 00:00,2010-4-17 00:00,35.0, ,DEG F
TUM,D,30,TEMP AV,2010-4-18 00:00,2010-4-18 00:00,37.0, ,DEG F
TUM,D,30,TEMP AV,2010-4-19 00:00,2010-4-19 00:00,36.0, ,DEG F
TUM,D,30,TEMP AV,2010-4-20 00:00,2010-4-20 00:00,28.0, ,DEG F
TUM,D,30,TEMP AV,2010-4-21 00:00,2010-4-21 00:00,21.0, ,DEG F
TUM,D,30,TEMP AV,2010-4-22 00:00,2010-4-22 00:00,27.0, ,DEG F
TUM,D,30,TEMP AV,2010-4-23 00:00,2010-4-23 00:00,37.0, ,DEG F
TUM,D,30,TEMP AV,2010-4-24 00:00,2010-4-24 00:00,35.0, ,DEG F
TUM,D,30,TEMP AV,2010-4-25 00:00,2010-4-25 00:00,38.0, ,DEG F
TUM,D,30,TEMP AV,2010-4-26 00:00,2010-4-26 00:00,39.0, ,DEG F
TUM,D,30,TEMP AV,2010-4-27 00:00,2010-4-27 00:00,33.0, ,DEG F
TUM,D,30,TEMP AV,2010-4-28 00:00,2010-4-28 00:00,24.0, ,DEG F
TUM,D,30,TEMP AV,2010-4-29 00:00,2010-4-29 00:00,20.0, ,DEG F
TUM,D,30,TEMP AV,2010-4-30 00:00,2010-4-30 00:00,28.0, ,DEG F
TUM,D,30,TEMP AV,2010-5-1 00:00,2010-5-1 00:00,35.0, ,DEG F
TUM,D,30,TEMP AV,2010-5-2 00:00,2010-5-2 00:00,37.0, ,DEG F
TUM,D,30,TEMP AV,2010-5-3 00:00,2010-5-3 00:00,38.0, ,DEG F
TUM,D,30,TEMP AV,2010-5-4 00:00,2010-5-4 00:00,38.0, ,DEG F
TUM,D,30,TEMP AV,2010-5-5 00:00,2010-5-5 00:00,34.0, ,DEG F
TUM,D,30,TEMP AV,2010-5-6 00:00,2010-5-6 00:00,34.0, ,DEG F
TUM,D,30,TEMP AV,2010-5-7 00:00,2010-5-7 00:00,36.0, ,DEG F
TUM,D,30,TEMP AV,2010-5-8 00:00,2010-5-8 00:00,34.0, ,DEG F
TUM,D,30,TEMP AV,2010-5-9 00:00,2010-5-9 00:00,26.0, ,DEG F
TUM,D,30,TEMP AV,2010-5-10 00:00,2010-5-10 00:00,22.0, ,DEG F
TUM,D,30,TEMP AV,2010-5-11 00:00,2010-5-11 00:00,28.0, ,DEG F
TUM,D,30,TEMP AV,2010-5-12 00:00,2010-5-12 00:00,36.0, ,DEG F
TUM,D,30,TEMP AV,2010-5-13 00:00,2010-5-13 00:00,34.0, ,DEG F
TUM,D,30,TEMP AV,2010-5-14 00:00,2010-5-14 00:00,38.0, ,DEG F
TUM,D,30,TEMP AV,2010-5-15 00:00,2010-5-15 00:00,40.0, ,DEG F
TUM,D,30,TEMP AV,2010-5-16 00:00,2010-5-16 00:00,42.0, ,DEG F
TUM,D,30,TEMP AV,2010-5-17 00:00,2010-5-17 00:00,33.0, ,DEG F
TUM,D,30,TEMP AV,2010-5-18 00:00,2010-5-18 00:00,35.0, ,DEG F
TUM,D,30,TEMP AV,2010-5-19 00:00,2010-5-19 00:00,39.0, ,DEG F
TUM,D,30,TEMP AV,2010-5-20 00:00,2010-5-20 00:00,39.0, ,DEG F
TUM,D,30,TEMP AV,2010-5-21 00:00,2010-5-21 00:00,30.0, ,DEG F
TUM,D,30,TEMP AV,2010-5-22 00:00,2010-5-22 00:00,22.0, ,DEG F
TUM,D,30,TEMP AV,2010-5-23 00:00,2010-5-23 00:00,26.0, ,DEG F
TUM,D,30,TEMP AV,2010-5-24 00:00,2010-5-24 00:00,27.0, ,DEG F
TUM,D,30,TEMP AV,2010-5-25 00:00,2010-5-25 00:00,33.0, ,DEG F
TUM,D,30,TEMP AV,2010-5-26 00:00,2010-5-26 00:00,34.0, ,DEG F
TUM,D,30,TEMP AV,2010-5-27 00:00,2010-5-27 00:00,31.0, ,DEG F
TUM,D,30,TEMP AV,2010-5-28 00:00,2010-5-28 00:00,30.0, ,DEG F
TUM,D,30,TEMP AV,2010-5-29 00:00,2010-5-29 00:00,41.0, ,DEG F
TUM,D,30,TEMP AV,2010-5-30 00:00,2010-5-30 00:00,42.0, ,DEG F
TUM,D,30,TEMP AV,2010-5-31 00:00,2010-5-31 00:00,42.0, ,DEG F
TUM,D,30,TEMP AV,2010-6-1 00:00,2010-6-1 00:00,44.0, ,DEG F
TUM,D,30,TEMP AV,2010-6-2 00:00,2010-6-2 00:00,45.0, ,DEG F
TUM,D,30,TEMP AV,2010-6-3 00:00,2010-6-3 00:00,45.0, ,DEG F
TUM,D,30,TEMP AV,2010-6-4 00:00,2010-6-4 00:00,46.0, ,DEG F
TUM,D,30,TEMP AV,2010-6-5 00:00,2010-6-5 00:00,50.0, ,DEG F
TUM,D,30,TEMP AV,2010-6-6 00:00,2010-6-6 00:00,52.0, ,DEG F
TUM,D,30,TEMP AV,2010-6-7 00:00,2010-6-7 00:00,49.0, ,DEG F
TUM,D,30,TEMP AV,2010-6-8 00:00,2010-6-8 00:00,49.0, ,DEG F
TUM,D,30,TEMP AV,2010-6-9 00:00,2010-6-9 00:00,44.0, ,DEG F
TUM,D,30,TEMP AV,2010-6-10 00:00,2010-6-10 00:00,39.0, ,DEG F
TUM,D,30,TEMP AV,2010-6-11 00:00,2010-6-11 00:00,38.0, ,DEG F
TUM,D,30,TEMP AV,2010-6-12 00:00,2010-6-12 00:00,41.0, ,DEG F
TUM,D,30,TEMP AV,2010-6-13 00:00,2010-6-13 00:00,45.0, ,DEG F
TUM,D,30,TEMP AV,2010-6-14 00:00,2010-6-14 00:00,48.0, ,DEG F
TUM,D,30,TEMP AV,2010-6-15 00:00,2010-6-15 00:00,46.0, ,DEG F
TUM,D,30,TEMP AV,2010-6-16 00:00,2010-6-16 00:00,40.0, ,DEG F
TUM,D,30,TEMP AV,2010-6-17 00:00,2010-6-17 00:00,44.0, ,DEG F
TUM,D,30,TEMP AV,2010-6-18 00:00,2010-6-18 00:00,43.0, ,DEG F
TUM,D,30,TEMP AV,2010-6-19 00:00,2010-6-19 00:00,42.0, ,DEG F
TUM,D,30,TEMP AV,2010-6-20 00:00,2010-6-20 00:00,44.0, ,DEG F
TUM,D,30,TEMP AV,2010-6-21 00:00,2010-6-21 00:00,45.0, ,DEG F
TUM,D,30,TEMP AV,2010-6-22 00:00,2010-6-22 00:00,49.0, ,DEG F
TUM,D,30,TEMP AV,2010-6-23 00:00,2010-6-23 00:00,52.0, ,DEG F
TUM,D,30,TEMP AV,2010-6-24 00:00,2010-6-24 00:00,51.0, ,DEG F
TUM,D,30,TEMP AV,2010-6-25 00:00,2010-6-25 00:00,50.0, ,DEG F
TUM,D,30,TEMP AV,2010-6-26 00:00,2010-6-26 00:00,53.0, ,DEG F
TUM,D,30,TEMP AV,2010-6-27 00:00,2010-6-27 00:00,57.0, ,DEG F
TUM,D,30,TEMP AV,2010-6-28 00:00,2010-6-28 00:00,59.0, ,DEG F
TUM,D,30,TEMP AV,2010-6-29 00:00,2010-6-29 00:00,56.0, ,DEG F
TUM,D,30,TEMP AV,2010-6-30 00:00,2010-6-30 00:00,51.0, ,DEG F
TUM,D,30,TEMP AV,2010-7-1 00:00,2010-7-1 00:00,50.0, ,DEG F
TUM,D,30,TEMP AV,2010-7-2 00:00,2010-7-2 00:00,49.0, ,DEG F
TUM,D,30,TEMP AV,2010-7-3 00:00,2010-7-3 00:00,49.0, ,DEG F
TUM,D,30,TEMP AV,2010-7-4 00:00,2010-7-4 00:00,51.0, ,DEG F
TUM,D,30,TEMP AV,2010-7-5 00:00,2010-7-5 00:00,54.0, ,DEG F
TUM,D,30,TEMP AV,2010-7-6 00:00,2010-7-6 00:00,53.0, ,DEG F
TUM,D,30,TEMP AV,2010-7-7 00:00,2010-7-7 00:00,53.0, ,DEG F
TUM,D,30,TEMP AV,2010-7-8 00:00,2010-7-8 00:00,54.0, ,DEG F
TUM,D,30,TEMP AV,2010-7-9 00:00,2010-7-9 00:00,56.0, ,DEG F
TUM,D,30,TEMP AV,2010-7-10 00:00,2010-7-10 00:00,55.0, ,DEG F
TUM,D,30,TEMP AV,2010-7-11 00:00,2010-7-11 00:00,56.0, ,DEG F
TUM,D,30,TEMP AV,2010-7-12 00:00,2010-7-12 00:00,58.0, ,DEG F
TUM,D,30,TEMP AV,2010-7-13 00:00,2010-7-13 00:00,57.0, ,DEG F
TUM,D,30,TEMP AV,2010-7-14 00:00,2010-7-14 00:00,58.0, ,DEG F
TUM,D,30,TEMP AV,2010-7-15 00:00,2010-7-15 00:00,61.0, ,DEG F
TUM,D,30,TEMP AV,2010-7-16 00:00,2010-7-16 00:00,58.0, ,DEG F
TUM,D,30,TEMP AV,2010-7-17 00:00,2010-7-17 00:00,60.0, ,DEG F
TUM,D,30,TEMP AV,2010-7-18 00:00,2010-7-18 00:00,60.0, ,DEG F
TUM,D,30,TEMP AV,2010-7-19 00:00,2010-7-19 00:00,59.0, ,DEG F
TUM,D,30,TEMP AV,2010-7-20 00:00,2010-7-20 00:00,58.0, ,DEG F
TUM,D,30,TEMP AV,2010-7-21 00:00,2010-7-21 00:00,55.0, ,DEG F
TUM,D,31,TEMP MX,2009-10-1 00:00,2009-10-1 00:00,60.0, ,DEG F
TUM,D,31,TEMP MX,2009-10-2 00:00,2009-10-2 00:00,57.0, ,DEG F
TUM,D,31,TEMP MX,2009-10-3 00:00,2009-10-3 00:00,50.0, ,DEG F
TUM,D,31,TEMP MX,2009-10-4 00:00,2009-10-4 00:00,28.0, ,DEG F
TUM,D,31,TEMP MX,2009-10-5 00:00,2009-10-5 00:00,43.0, ,DEG F
TUM,D,31,TEMP MX,2009-10-6 00:00,2009-10-6 00:00,44.0, ,DEG F
TUM,D,31,TEMP MX,2009-10-7 00:00,2009-10-7 00:00,52.0, ,DEG F
TUM,D,31,TEMP MX,2009-10-8 00:00,2009-10-8 00:00,57.0, ,DEG F
TUM,D,31,TEMP MX,2009-10-9 00:00,2009-10-9 00:00,61.0, ,DEG F
TUM,D,31,TEMP MX,2009-10-10 00:00,2009-10-10 00:00,59.0, ,DEG F
TUM,D,31,TEMP MX,2009-10-11 00:00,2009-10-11 00:00,56.0, ,DEG F
TUM,D,31,TEMP MX,2009-10-12 00:00,2009-10-12 00:00,51.0, ,DEG F
TUM,D,31,TEMP MX,2009-10-13 00:00,2009-10-13 00:00,38.0, ,DEG F
TUM,D,31,TEMP MX,2009-10-14 00:00,2009-10-14 00:00,50.0, ,DEG F
TUM,D,31,TEMP MX,2009-10-15 00:00,2009-10-15 00:00,59.0, ,DEG F
TUM,D,31,TEMP MX,2009-10-16 00:00,2009-10-16 00:00,65.0, ,DEG F
TUM,D,31,TEMP MX,2009-10-17 00:00,2009-10-17 00:00,64.0, ,DEG F
TUM,D,31,TEMP MX,2009-10-18 00:00,2009-10-18 00:00,60.0, ,DEG F
TUM,D,31,TEMP MX,2009-10-19 00:00,2009-10-19 00:00,41.0, ,DEG F
TUM,D,31,TEMP MX,2009-10-20 00:00,2009-10-20 00:00,54.0, ,DEG F
TUM,D,31,TEMP MX,2009-10-21 00:00,2009-10-21 00:00,60.0, ,DEG F
TUM,D,31,TEMP MX,2009-10-22 00:00,2009-10-22 00:00,59.0, ,DEG F
TUM,D,31,TEMP MX,2009-10-23 00:00,2009-10-23 00:00,60.0, ,DEG F
TUM,D,31,TEMP MX,2009-10-24 00:00,2009-10-24 00:00,58.0, ,DEG F
TUM,D,31,TEMP MX,2009-10-25 00:00,2009-10-25 00:00,58.0, ,DEG F
TUM,D,31,TEMP MX,2009-10-26 00:00,2009-10-26 00:00,56.0, ,DEG F
TUM,D,31,TEMP MX,2009-10-27 00:00,2009-10-27 00:00,38.0, ,DEG F
TUM,D,31,TEMP MX,2009-10-28 00:00,2009-10-28 00:00,29.0, ,DEG F
TUM,D,31,TEMP MX,2009-10-29 00:00,2009-10-29 00:00,51.0, ,DEG F
TUM,D,31,TEMP MX,2009-10-30 00:00,2009-10-30 00:00,61.0, ,DEG F
TUM,D,31,TEMP MX,2009-10-31 00:00,2009-10-31 00:00,63.0, ,DEG F
TUM,D,31,TEMP MX,2009-11-1 00:00,2009-11-1 00:00,65.0, ,DEG F
TUM,D,31,TEMP MX,2009-11-2 00:00,2009-11-2 00:00,66.0, ,DEG F
TUM,D,31,TEMP MX,2009-11-3 00:00,2009-11-3 00:00,67.0, ,DEG F
TUM,D,31,TEMP MX,2009-11-4 00:00,2009-11-4 00:00,58.0, ,DEG F
TUM,D,31,TEMP MX,2009-11-5 00:00,2009-11-5 00:00,51.0, ,DEG F
TUM,D,31,TEMP MX,2009-11-6 00:00,2009-11-6 00:00,51.0, ,DEG F
TUM,D,31,TEMP MX,2009-11-7 00:00,2009-11-7 00:00,48.0, ,DEG F
TUM,D,31,TEMP MX,2009-11-8 00:00,2009-11-8 00:00,47.0, ,DEG F
TUM,D,31,TEMP MX,2009-11-9 00:00,2009-11-9 00:00,48.0, ,DEG F
TUM,D,31,TEMP MX,2009-11-10 00:00,2009-11-10 00:00,50.0, ,DEG F
TUM,D,31,TEMP MX,2009-11-11 00:00,2009-11-11 00:00,49.0, ,DEG F
TUM,D,31,TEMP MX,2009-11-12 00:00,2009-11-12 00:00,32.0, ,DEG F
TUM,D,31,TEMP MX,2009-11-13 00:00,2009-11-13 00:00,36.0, ,DEG F
TUM,D,31,TEMP MX,2009-11-14 00:00,2009-11-14 00:00,37.0, ,DEG F
TUM,D,31,TEMP MX,2009-11-15 00:00,2009-11-15 00:00,53.0, ,DEG F
TUM,D,31,TEMP MX,2009-11-16 00:00,2009-11-16 00:00,55.0, ,DEG F
TUM,D,31,TEMP MX,2009-11-17 00:00,2009-11-17 00:00,51.0, ,DEG F
TUM,D,31,TEMP MX,2009-11-18 00:00,2009-11-18 00:00,40.0, ,DEG F
TUM,D,31,TEMP MX,2009-11-19 00:00,2009-11-19 00:00,53.0, ,DEG F
TUM,D,31,TEMP MX,2009-11-20 00:00,2009-11-20 00:00,39.0, ,DEG F
TUM,D,31,TEMP MX,2009-11-21 00:00,2009-11-21 00:00,44.0, ,DEG F
TUM,D,31,TEMP MX,2009-11-22 00:00,2009-11-22 00:00,41.0, ,DEG F
TUM,D,31,TEMP MX,2009-11-23 00:00,2009-11-23 00:00,48.0, ,DEG F
TUM,D,31,TEMP MX,2009-11-24 00:00,2009-11-24 00:00,50.0, ,DEG F
TUM,D,31,TEMP MX,2009-11-25 00:00,2009-11-25 00:00,51.0, ,DEG F
TUM,D,31,TEMP MX,2009-11-26 00:00,2009-11-26 00:00,53.0, ,DEG F
TUM,D,31,TEMP MX,2009-11-27 00:00,2009-11-27 00:00,40.0, ,DEG F
TUM,D,31,TEMP MX,2009-11-28 00:00,2009-11-28 00:00,24.0, ,DEG F
TUM,D,31,TEMP MX,2009-11-29 00:00,2009-11-29 00:00,37.0, ,DEG F
TUM,D,31,TEMP MX,2009-11-30 00:00,2009-11-30 00:00,52.0, ,DEG F
TUM,D,31,TEMP MX,2009-12-1 00:00,2009-12-1 00:00,47.0, ,DEG F
TUM,D,31,TEMP MX,2009-12-2 00:00,2009-12-2 00:00,46.0, ,DEG F
TUM,D,31,TEMP MX,2009-12-3 00:00,2009-12-3 00:00,43.0, ,DEG F
TUM,D,31,TEMP MX,2009-12-4 00:00,2009-12-4 00:00,45.0, ,DEG F
TUM,D,31,TEMP MX,2009-12-5 00:00,2009-12-5 00:00,34.0, ,DEG F
TUM,D,31,TEMP MX,2009-12-6 00:00,2009-12-6 00:00,23.0, ,DEG F
TUM,D,31,TEMP MX,2009-12-7 00:00,2009-12-7 00:00,18.0, ,DEG F
TUM,D,31,TEMP MX,2009-12-8 00:00,2009-12-8 00:00,26.0, ,DEG F
TUM,D,31,TEMP MX,2009-12-9 00:00,2009-12-9 00:00,31.0, ,DEG F
TUM,D,31,TEMP MX,2009-12-10 00:00,2009-12-10 00:00,35.0, ,DEG F
TUM,D,31,TEMP MX,2009-12-11 00:00,2009-12-11 00:00,32.0, ,DEG F
TUM,D,31,TEMP MX,2009-12-12 00:00,2009-12-12 00:00,28.0, ,DEG F
TUM,D,31,TEMP MX,2009-12-13 00:00,2009-12-13 00:00,29.0, ,DEG F
TUM,D,31,TEMP MX,2009-12-14 00:00,2009-12-14 00:00,35.0, ,DEG F
TUM,D,31,TEMP MX,2009-12-15 00:00,2009-12-15 00:00,41.0, ,DEG F
TUM,D,31,TEMP MX,2009-12-16 00:00,2009-12-16 00:00,40.0, ,DEG F
TUM,D,31,TEMP MX,2009-12-17 00:00,2009-12-17 00:00,45.0, ,DEG F
TUM,D,31,TEMP MX,2009-12-18 00:00,2009-12-18 00:00,47.0, ,DEG F
TUM,D,31,TEMP MX,2009-12-19 00:00,2009-12-19 00:00,48.0, ,DEG F
TUM,D,31,TEMP MX,2009-12-20 00:00,2009-12-20 00:00,43.0, ,DEG F
TUM,D,31,TEMP MX,2009-12-21 00:00,2009-12-21 00:00,38.0, ,DEG F
TUM,D,31,TEMP MX,2009-12-22 00:00,2009-12-22 00:00,24.0, ,DEG F
TUM,D,31,TEMP MX,2009-12-23 00:00,2009-12-23 00:00,40.0, ,DEG F
TUM,D,31,TEMP MX,2009-12-24 00:00,2009-12-24 00:00,47.0, ,DEG F
TUM,D,31,TEMP MX,2009-12-25 00:00,2009-12-25 00:00,45.0, ,DEG F
TUM,D,31,TEMP MX,2009-12-26 00:00,2009-12-26 00:00,34.0, ,DEG F
TUM,D,31,TEMP MX,2009-12-27 00:00,2009-12-27 00:00,31.0, ,DEG F
TUM,D,31,TEMP MX,2009-12-28 00:00,2009-12-28 00:00,35.0, ,DEG F
TUM,D,31,TEMP MX,2009-12-29 00:00,2009-12-29 00:00,33.0, ,DEG F
TUM,D,31,TEMP MX,2009-12-30 00:00,2009-12-30 00:00,26.0, ,DEG F
TUM,D,31,TEMP MX,2009-12-31 00:00,2009-12-31 00:00,43.0, ,DEG F
TUM,D,31,TEMP MX,2010-1-1 00:00,2010-1-1 00:00,38.0, ,DEG F
TUM,D,31,TEMP MX,2010-1-2 00:00,2010-1-2 00:00,45.0, ,DEG F
TUM,D,31,TEMP MX,2010-1-3 00:00,2010-1-3 00:00,52.0, ,DEG F
TUM,D,31,TEMP MX,2010-1-4 00:00,2010-1-4 00:00,49.0, ,DEG F
TUM,D,31,TEMP MX,2010-1-5 00:00,2010-1-5 00:00,44.0, ,DEG F
TUM,D,31,TEMP MX,2010-1-6 00:00,2010-1-6 00:00,51.0, ,DEG F
TUM,D,31,TEMP MX,2010-1-7 00:00,2010-1-7 00:00,50.0, ,DEG F
TUM,D,31,TEMP MX,2010-1-8 00:00,2010-1-8 00:00,50.0, ,DEG F
TUM,D,31,TEMP MX,2010-1-9 00:00,2010-1-9 00:00,46.0, ,DEG F
TUM,D,31,TEMP MX,2010-1-10 00:00,2010-1-10 00:00,45.0, ,DEG F
TUM,D,31,TEMP MX,2010-1-11 00:00,2010-1-11 00:00,50.0, ,DEG F
TUM,D,31,TEMP MX,2010-1-12 00:00,2010-1-12 00:00,35.0, ,DEG F
TUM,D,31,TEMP MX,2010-1-13 00:00,2010-1-13 00:00,34.0, ,DEG F
TUM,D,31,TEMP MX,2010-1-14 00:00,2010-1-14 00:00,42.0, ,DEG F
TUM,D,31,TEMP MX,2010-1-15 00:00,2010-1-15 00:00,47.0, ,DEG F
TUM,D,31,TEMP MX,2010-1-16 00:00,2010-1-16 00:00,42.0, ,DEG F
TUM,D,31,TEMP MX,2010-1-17 00:00,2010-1-17 00:00,39.0, ,DEG F
TUM,D,31,TEMP MX,2010-1-18 00:00,2010-1-18 00:00,28.0, ,DEG F
TUM,D,31,TEMP MX,2010-1-19 00:00,2010-1-19 00:00,24.0, ,DEG F
TUM,D,31,TEMP MX,2010-1-20 00:00,2010-1-20 00:00,22.0, ,DEG F
TUM,D,31,TEMP MX,2010-1-21 00:00,2010-1-21 00:00,21.0, ,DEG F
TUM,D,31,TEMP MX,2010-1-22 00:00,2010-1-22 00:00,32.0, ,DEG F
TUM,D,31,TEMP MX,2010-1-23 00:00,2010-1-23 00:00,28.0, ,DEG F
TUM,D,31,TEMP MX,2010-1-24 00:00,2010-1-24 00:00,30.0, ,DEG F
TUM,D,31,TEMP MX,2010-1-25 00:00,2010-1-25 00:00,39.0, ,DEG F
TUM,D,31,TEMP MX,2010-1-26 00:00,2010-1-26 00:00,41.0, ,DEG F
TUM,D,31,TEMP MX,2010-1-27 00:00,2010-1-27 00:00,38.0, ,DEG F
TUM,D,31,TEMP MX,2010-1-28 00:00,2010-1-28 00:00,49.0, ,DEG F
TUM,D,31,TEMP MX,2010-1-29 00:00,2010-1-29 00:00,44.0, ,DEG F
TUM,D,31,TEMP MX,2010-1-30 00:00,2010-1-30 00:00,33.0, ,DEG F
TUM,D,31,TEMP MX,2010-1-31 00:00,2010-1-31 00:00,39.0, ,DEG F
TUM,D,31,TEMP MX,2010-2-1 00:00,2010-2-1 00:00,41.0, ,DEG F
TUM,D,31,TEMP MX,2010-2-2 00:00,2010-2-2 00:00,36.0, ,DEG F
TUM,D,31,TEMP MX,2010-2-3 00:00,2010-2-3 00:00,37.0, ,DEG F
TUM,D,31,TEMP MX,2010-2-4 00:00,2010-2-4 00:00,39.0, ,DEG F
TUM,D,31,TEMP MX,2010-2-5 00:00,2010-2-5 00:00,35.0, ,DEG F
TUM,D,31,TEMP MX,2010-2-6 00:00,2010-2-6 00:00,32.0, ,DEG F
TUM,D,31,TEMP MX,2010-2-7 00:00,2010-2-7 00:00,37.0, ,DEG F
TUM,D,31,TEMP MX,2010-2-8 00:00,2010-2-8 00:00,37.0, ,DEG F
TUM,D,31,TEMP MX,2010-2-9 00:00,2010-2-9 00:00,31.0, ,DEG F
TUM,D,31,TEMP MX,2010-2-10 00:00,2010-2-10 00:00,38.0, ,DEG F
TUM,D,31,TEMP MX,2010-2-11 00:00,2010-2-11 00:00,44.0, ,DEG F
TUM,D,31,TEMP MX,2010-2-12 00:00,2010-2-12 00:00,44.0, ,DEG F
TUM,D,31,TEMP MX,2010-2-13 00:00,2010-2-13 00:00,51.0, ,DEG F
TUM,D,31,TEMP MX,2010-2-14 00:00,2010-2-14 00:00,49.0, ,DEG F
TUM,D,31,TEMP MX,2010-2-15 00:00,2010-2-15 00:00,54.0, ,DEG F
TUM,D,31,TEMP MX,2010-2-16 00:00,2010-2-16 00:00,51.0, ,DEG F
TUM,D,31,TEMP MX,2010-2-17 00:00,2010-2-17 00:00,48.0, ,DEG F
TUM,D,31,TEMP MX,2010-2-18 00:00,2010-2-18 00:00,47.0, ,DEG F
TUM,D,31,TEMP MX,2010-2-19 00:00,2010-2-19 00:00,41.0, ,DEG F
TUM,D,31,TEMP MX,2010-2-20 00:00,2010-2-20 00:00,34.0, ,DEG F
TUM,D,31,TEMP MX,2010-2-21 00:00,2010-2-21 00:00,25.0, ,DEG F
TUM,D,31,TEMP MX,2010-2-22 00:00,2010-2-22 00:00,36.0, ,DEG F
TUM,D,31,TEMP MX,2010-2-23 00:00,2010-2-23 00:00,40.0, ,DEG F
TUM,D,31,TEMP MX,2010-2-24 00:00,2010-2-24 00:00,37.0, ,DEG F
TUM,D,31,TEMP MX,2010-2-25 00:00,2010-2-25 00:00,43.0, ,DEG F
TUM,D,31,TEMP MX,2010-2-26 00:00,2010-2-26 00:00,43.0, ,DEG F
TUM,D,31,TEMP MX,2010-2-27 00:00,2010-2-27 00:00,36.0, ,DEG F
TUM,D,31,TEMP MX,2010-2-28 00:00,2010-2-28 00:00,46.0, ,DEG F
TUM,D,31,TEMP MX,2010-3-1 00:00,2010-3-1 00:00,46.0, ,DEG F
TUM,D,31,TEMP MX,2010-3-2 00:00,2010-3-2 00:00,38.0, ,DEG F
TUM,D,31,TEMP MX,2010-3-3 00:00,2010-3-3 00:00,33.0, ,DEG F
TUM,D,31,TEMP MX,2010-3-4 00:00,2010-3-4 00:00,32.0, ,DEG F
TUM,D,31,TEMP MX,2010-3-5 00:00,2010-3-5 00:00,45.0, ,DEG F
TUM,D,31,TEMP MX,2010-3-6 00:00,2010-3-6 00:00,34.0, ,DEG F
TUM,D,31,TEMP MX,2010-3-7 00:00,2010-3-7 00:00,41.0, ,DEG F
TUM,D,31,TEMP MX,2010-3-8 00:00,2010-3-8 00:00,37.0, ,DEG F
TUM,D,31,TEMP MX,2010-3-9 00:00,2010-3-9 00:00,29.0, ,DEG F
TUM,D,31,TEMP MX,2010-3-10 00:00,2010-3-10 00:00,30.0, ,DEG F
TUM,D,31,TEMP MX,2010-3-11 00:00,2010-3-11 00:00,53.0, ,DEG F
TUM,D,31,TEMP MX,2010-3-12 00:00,2010-3-12 00:00,44.0, ,DEG F
TUM,D,31,TEMP MX,2010-3-13 00:00,2010-3-13 00:00,37.0, ,DEG F
TUM,D,31,TEMP MX,2010-3-14 00:00,2010-3-14 00:00,54.0, ,DEG F
TUM,D,31,TEMP MX,2010-3-15 00:00,2010-3-15 00:00,60.0, ,DEG F
TUM,D,31,TEMP MX,2010-3-16 00:00,2010-3-16 00:00,58.0, ,DEG F
TUM,D,31,TEMP MX,2010-3-17 00:00,2010-3-17 00:00,52.0, ,DEG F
TUM,D,31,TEMP MX,2010-3-18 00:00,2010-3-18 00:00,49.0, ,DEG F
TUM,D,31,TEMP MX,2010-3-19 00:00,2010-3-19 00:00,54.0, ,DEG F
TUM,D,31,TEMP MX,2010-3-20 00:00,2010-3-20 00:00,55.0, ,DEG F
TUM,D,31,TEMP MX,2010-3-21 00:00,2010-3-21 00:00,46.0, ,DEG F
TUM,D,31,TEMP MX,2010-3-22 00:00,2010-3-22 00:00,47.0, ,DEG F
TUM,D,31,TEMP MX,2010-3-23 00:00,2010-3-23 00:00,54.0, ,DEG F
TUM,D,31,TEMP MX,2010-3-24 00:00,2010-3-24 00:00,50.0, ,DEG F
TUM,D,31,TEMP MX,2010-3-25 00:00,2010-3-25 00:00,36.0, ,DEG F
TUM,D,31,TEMP MX,2010-3-26 00:00,2010-3-26 00:00,41.0, ,DEG F
TUM,D,31,TEMP MX,2010-3-27 00:00,2010-3-27 00:00,55.0, ,DEG F
TUM,D,31,TEMP MX,2010-3-28 00:00,2010-3-28 00:00,52.0, ,DEG F
TUM,D,31,TEMP MX,2010-3-29 00:00,2010-3-29 00:00,52.0, ,DEG F
TUM,D,31,TEMP MX,2010-3-30 00:00,2010-3-30 00:00,34.0, ,DEG F
TUM,D,31,TEMP MX,2010-3-31 00:00,2010-3-31 00:00,30.0, ,DEG F
TUM,D,31,TEMP MX,2010-4-1 00:00,2010-4-1 00:00,30.0, ,DEG F
TUM,D,31,TEMP MX,2010-4-2 00:00,2010-4-2 00:00,35.0, ,DEG F
TUM,D,31,TEMP MX,2010-4-3 00:00,2010-4-3 00:00,39.0, ,DEG F
TUM,D,31,TEMP MX,2010-4-4 00:00,2010-4-4 00:00,30.0, ,DEG F
TUM,D,31,TEMP MX,2010-4-5 00:00,2010-4-5 00:00,27.0, ,DEG F
TUM,D,31,TEMP MX,2010-4-6 00:00,2010-4-6 00:00,46.0, ,DEG F
TUM,D,31,TEMP MX,2010-4-7 00:00,2010-4-7 00:00,54.0, ,DEG F
TUM,D,31,TEMP MX,2010-4-8 00:00,2010-4-8 00:00,53.0, ,DEG F
TUM,D,31,TEMP MX,2010-4-9 00:00,2010-4-9 00:00,52.0, ,DEG F
TUM,D,31,TEMP MX,2010-4-10 00:00,2010-4-10 00:00,47.0, ,DEG F
TUM,D,31,TEMP MX,2010-4-11 00:00,2010-4-11 00:00,39.0, ,DEG F
TUM,D,31,TEMP MX,2010-4-12 00:00,2010-4-12 00:00,36.0, ,DEG F
TUM,D,31,TEMP MX,2010-4-13 00:00,2010-4-13 00:00,41.0, ,DEG F
TUM,D,31,TEMP MX,2010-4-14 00:00,2010-4-14 00:00,43.0, ,DEG F
TUM,D,31,TEMP MX,2010-4-15 00:00,2010-4-15 00:00,56.0, ,DEG F
TUM,D,31,TEMP MX,2010-4-16 00:00,2010-4-16 00:00,50.0, ,DEG F
TUM,D,31,TEMP MX,2010-4-17 00:00,2010-4-17 00:00,57.0, ,DEG F
TUM,D,31,TEMP MX,2010-4-18 00:00,2010-4-18 00:00,60.0, ,DEG F
TUM,D,31,TEMP MX,2010-4-19 00:00,2010-4-19 00:00,54.0, ,DEG F
TUM,D,31,TEMP MX,2010-4-20 00:00,2010-4-20 00:00,38.0, ,DEG F
TUM,D,31,TEMP MX,2010-4-21 00:00,2010-4-21 00:00,30.0, ,DEG F
TUM,D,31,TEMP MX,2010-4-22 00:00,2010-4-22 00:00,39.0, ,DEG F
TUM,D,31,TEMP MX,2010-4-23 00:00,2010-4-23 00:00,55.0, ,DEG F
TUM,D,31,TEMP MX,2010-4-24 00:00,2010-4-24 00:00,53.0, ,DEG F
TUM,D,31,TEMP MX,2010-4-25 00:00,2010-4-25 00:00,53.0, ,DEG F
TUM,D,31,TEMP MX,2010-4-26 00:00,2010-4-26 00:00,58.0, ,DEG F
TUM,D,31,TEMP MX,2010-4-27 00:00,2010-4-27 00:00,41.0, ,DEG F
TUM,D,31,TEMP MX,2010-4-28 00:00,2010-4-28 00:00,37.0, ,DEG F
TUM,D,31,TEMP MX,2010-4-29 00:00,2010-4-29 00:00,33.0, ,DEG F
TUM,D,31,TEMP MX,2010-4-30 00:00,2010-4-30 00:00,43.0, ,DEG F
TUM,D,31,TEMP MX,2010-5-1 00:00,2010-5-1 00:00,48.0, ,DEG F
TUM,D,31,TEMP MX,2010-5-2 00:00,2010-5-2 00:00,51.0, ,DEG F
TUM,D,31,TEMP MX,2010-5-3 00:00,2010-5-3 00:00,57.0, ,DEG F
TUM,D,31,TEMP MX,2010-5-4 00:00,2010-5-4 00:00,53.0, ,DEG F
TUM,D,31,TEMP MX,2010-5-5 00:00,2010-5-5 00:00,46.0, ,DEG F
TUM,D,31,TEMP MX,2010-5-6 00:00,2010-5-6 00:00,49.0, ,DEG F
TUM,D,31,TEMP MX,2010-5-7 00:00,2010-5-7 00:00,50.0, ,DEG F
TUM,D,31,TEMP MX,2010-5-8 00:00,2010-5-8 00:00,47.0, ,DEG F
TUM,D,31,TEMP MX,2010-5-9 00:00,2010-5-9 00:00,41.0, ,DEG F
TUM,D,31,TEMP MX,2010-5-10 00:00,2010-5-10 00:00,38.0, ,DEG F
TUM,D,31,TEMP MX,2010-5-11 00:00,2010-5-11 00:00,40.0, ,DEG F
TUM,D,31,TEMP MX,2010-5-12 00:00,2010-5-12 00:00,49.0, ,DEG F
TUM,D,31,TEMP MX,2010-5-13 00:00,2010-5-13 00:00,47.0, ,DEG F
TUM,D,31,TEMP MX,2010-5-14 00:00,2010-5-14 00:00,55.0, ,DEG F
TUM,D,31,TEMP MX,2010-5-15 00:00,2010-5-15 00:00,57.0, ,DEG F
TUM,D,31,TEMP MX,2010-5-16 00:00,2010-5-16 00:00,56.0, ,DEG F
TUM,D,31,TEMP MX,2010-5-17 00:00,2010-5-17 00:00,41.0, ,DEG F
TUM,D,31,TEMP MX,2010-5-18 00:00,2010-5-18 00:00,45.0, ,DEG F
TUM,D,31,TEMP MX,2010-5-19 00:00,2010-5-19 00:00,51.0, ,DEG F
TUM,D,31,TEMP MX,2010-5-20 00:00,2010-5-20 00:00,53.0, ,DEG F
TUM,D,31,TEMP MX,2010-5-21 00:00,2010-5-21 00:00,43.0, ,DEG F
TUM,D,31,TEMP MX,2010-5-22 00:00,2010-5-22 00:00,31.0, ,DEG F
TUM,D,31,TEMP MX,2010-5-23 00:00,2010-5-23 00:00,37.0, ,DEG F
TUM,D,31,TEMP MX,2010-5-24 00:00,2010-5-24 00:00,36.0, ,DEG F
TUM,D,31,TEMP MX,2010-5-25 00:00,2010-5-25 00:00,49.0, ,DEG F
TUM,D,31,TEMP MX,2010-5-26 00:00,2010-5-26 00:00,46.0, ,DEG F
TUM,D,31,TEMP MX,2010-5-27 00:00,2010-5-27 00:00,39.0, ,DEG F
TUM,D,31,TEMP MX,2010-5-28 00:00,2010-5-28 00:00,38.0, ,DEG F
TUM,D,31,TEMP MX,2010-5-29 00:00,2010-5-29 00:00,56.0, ,DEG F
TUM,D,31,TEMP MX,2010-5-30 00:00,2010-5-30 00:00,58.0, ,DEG F
TUM,D,31,TEMP MX,2010-5-31 00:00,2010-5-31 00:00,55.0, ,DEG F
TUM,D,31,TEMP MX,2010-6-1 00:00,2010-6-1 00:00,54.0, ,DEG F
TUM,D,31,TEMP MX,2010-6-2 00:00,2010-6-2 00:00,61.0, ,DEG F
TUM,D,31,TEMP MX,2010-6-3 00:00,2010-6-3 00:00,59.0, ,DEG F
TUM,D,31,TEMP MX,2010-6-4 00:00,2010-6-4 00:00,55.0, ,DEG F
TUM,D,31,TEMP MX,2010-6-5 00:00,2010-6-5 00:00,68.0, ,DEG F
TUM,D,31,TEMP MX,2010-6-6 00:00,2010-6-6 00:00,69.0, ,DEG F
TUM,D,31,TEMP MX,2010-6-7 00:00,2010-6-7 00:00,66.0, ,DEG F
TUM,D,31,TEMP MX,2010-6-8 00:00,2010-6-8 00:00,66.0, ,DEG F
TUM,D,31,TEMP MX,2010-6-9 00:00,2010-6-9 00:00,58.0, ,DEG F
TUM,D,31,TEMP MX,2010-6-10 00:00,2010-6-10 00:00,51.0, ,DEG F
TUM,D,31,TEMP MX,2010-6-11 00:00,2010-6-11 00:00,45.0, ,DEG F
TUM,D,31,TEMP MX,2010-6-12 00:00,2010-6-12 00:00,54.0, ,DEG F
TUM,D,31,TEMP MX,2010-6-13 00:00,2010-6-13 00:00,61.0, ,DEG F
TUM,D,31,TEMP MX,2010-6-14 00:00,2010-6-14 00:00,65.0, ,DEG F
TUM,D,31,TEMP MX,2010-6-15 00:00,2010-6-15 00:00,62.0, ,DEG F
TUM,D,31,TEMP MX,2010-6-16 00:00,2010-6-16 00:00,54.0, ,DEG F
TUM,D,31,TEMP MX,2010-6-17 00:00,2010-6-17 00:00,61.0, ,DEG F
TUM,D,31,TEMP MX,2010-6-18 00:00,2010-6-18 00:00,60.0, ,DEG F
TUM,D,31,TEMP MX,2010-6-19 00:00,2010-6-19 00:00,59.0, ,DEG F
TUM,D,31,TEMP MX,2010-6-20 00:00,2010-6-20 00:00,61.0, ,DEG F
TUM,D,31,TEMP MX,2010-6-21 00:00,2010-6-21 00:00,59.0, ,DEG F
TUM,D,31,TEMP MX,2010-6-22 00:00,2010-6-22 00:00,67.0, ,DEG F
TUM,D,31,TEMP MX,2010-6-23 00:00,2010-6-23 00:00,67.0, ,DEG F
TUM,D,31,TEMP MX,2010-6-24 00:00,2010-6-24 00:00,67.0, ,DEG F
TUM,D,31,TEMP MX,2010-6-25 00:00,2010-6-25 00:00,63.0, ,DEG F
TUM,D,31,TEMP MX,2010-6-26 00:00,2010-6-26 00:00,70.0, ,DEG F
TUM,D,31,TEMP MX,2010-6-27 00:00,2010-6-27 00:00,76.0, ,DEG F
TUM,D,31,TEMP MX,2010-6-28 00:00,2010-6-28 00:00,76.0, ,DEG F
TUM,D,31,TEMP MX,2010-6-29 00:00,2010-6-29 00:00,72.0, ,DEG F
TUM,D,31,TEMP MX,2010-6-30 00:00,2010-6-30 00:00,65.0, ,DEG F
TUM,D,31,TEMP MX,2010-7-1 00:00,2010-7-1 00:00,68.0, ,DEG F
TUM,D,31,TEMP MX,2010-7-2 00:00,2010-7-2 00:00,65.0, ,DEG F
TUM,D,31,TEMP MX,2010-7-3 00:00,2010-7-3 00:00,64.0, ,DEG F
TUM,D,31,TEMP MX,2010-7-4 00:00,2010-7-4 00:00,70.0, ,DEG F
TUM,D,31,TEMP MX,2010-7-5 00:00,2010-7-5 00:00,71.0, ,DEG F
TUM,D,31,TEMP MX,2010-7-6 00:00,2010-7-6 00:00,72.0, ,DEG F
TUM,D,31,TEMP MX,2010-7-7 00:00,2010-7-7 00:00,70.0, ,DEG F
TUM,D,31,TEMP MX,2010-7-8 00:00,2010-7-8 00:00,73.0, ,DEG F
TUM,D,31,TEMP MX,2010-7-9 00:00,2010-7-9 00:00,73.0, ,DEG F
TUM,D,31,TEMP MX,2010-7-10 00:00,2010-7-10 00:00,71.0, ,DEG F
TUM,D,31,TEMP MX,2010-7-11 00:00,2010-7-11 00:00,72.0, ,DEG F
TUM,D,31,TEMP MX,2010-7-12 00:00,2010-7-12 00:00,73.0, ,DEG F
TUM,D,31,TEMP MX,2010-7-13 00:00,2010-7-13 00:00,70.0, ,DEG F
TUM,D,31,TEMP MX,2010-7-14 00:00,2010-7-14 00:00,75.0, ,DEG F
TUM,D,31,TEMP MX,2010-7-15 00:00,2010-7-15 00:00,76.0, ,DEG F
TUM,D,31,TEMP MX,2010-7-16 00:00,2010-7-16 00:00,74.0, ,DEG F
TUM,D,31,TEMP MX,2010-7-17 00:00,2010-7-17 00:00,76.0, ,DEG F
TUM,D,31,TEMP MX,2010-7-18 00:00,2010-7-18 00:00,77.0, ,DEG F
TUM,D,31,TEMP MX,2010-7-19 00:00,2010-7-19 00:00,78.0, ,DEG F
TUM,D,31,TEMP MX,2010-7-20 00:00,2010-7-20 00:00,76.0, ,DEG F
TUM,D,31,TEMP MX,2010-7-21 00:00,2010-7-21 00:00,72.0, ,DEG F
TUM,D,32,TEMP MN,2009-10-1 00:00,2009-10-1 00:00,20.0, ,DEG F
TUM,D,32,TEMP MN,2009-10-2 00:00,2009-10-2 00:00,22.0, ,DEG F
TUM,D,32,TEMP MN,2009-10-3 00:00,2009-10-3 00:00,28.0, ,DEG F
TUM,D,32,TEMP MN,2009-10-4 00:00,2009-10-4 00:00,15.0, ,DEG F
TUM,D,32,TEMP MN,2009-10-5 00:00,2009-10-5 00:00,7.0, ,DEG F
TUM,D,32,TEMP MN,2009-10-6 00:00,2009-10-6 00:00,25.0, ,DEG F
TUM,D,32,TEMP MN,2009-10-7 00:00,2009-10-7 00:00,20.0, ,DEG F
TUM,D,32,TEMP MN,2009-10-8 00:00,2009-10-8 00:00,18.0, ,DEG F
TUM,D,32,TEMP MN,2009-10-9 00:00,2009-10-9 00:00,23.0, ,DEG F
TUM,D,32,TEMP MN,2009-10-10 00:00,2009-10-10 00:00,27.0, ,DEG F
TUM,D,32,TEMP MN,2009-10-11 00:00,2009-10-11 00:00,22.0, ,DEG F
TUM,D,32,TEMP MN,2009-10-12 00:00,2009-10-12 00:00,24.0, ,DEG F
TUM,D,32,TEMP MN,2009-10-13 00:00,2009-10-13 00:00,24.0, ,DEG F
TUM,D,32,TEMP MN,2009-10-14 00:00,2009-10-14 00:00,31.0, ,DEG F
TUM,D,32,TEMP MN,2009-10-15 00:00,2009-10-15 00:00,33.0, ,DEG F
TUM,D,32,TEMP MN,2009-10-16 00:00,2009-10-16 00:00,28.0, ,DEG F
TUM,D,32,TEMP MN,2009-10-17 00:00,2009-10-17 00:00,27.0, ,DEG F
TUM,D,32,TEMP MN,2009-10-18 00:00,2009-10-18 00:00,30.0, ,DEG F
TUM,D,32,TEMP MN,2009-10-19 00:00,2009-10-19 00:00,21.0, ,DEG F
TUM,D,32,TEMP MN,2009-10-20 00:00,2009-10-20 00:00,18.0, ,DEG F
TUM,D,32,TEMP MN,2009-10-21 00:00,2009-10-21 00:00,25.0, ,DEG F
TUM,D,32,TEMP MN,2009-10-22 00:00,2009-10-22 00:00,24.0, ,DEG F
TUM,D,32,TEMP MN,2009-10-23 00:00,2009-10-23 00:00,26.0, ,DEG F
TUM,D,32,TEMP MN,2009-10-24 00:00,2009-10-24 00:00,25.0, ,DEG F
TUM,D,32,TEMP MN,2009-10-25 00:00,2009-10-25 00:00,25.0, ,DEG F
TUM,D,32,TEMP MN,2009-10-26 00:00,2009-10-26 00:00,26.0, ,DEG F
TUM,D,32,TEMP MN,2009-10-27 00:00,2009-10-27 00:00,17.0, ,DEG F
TUM,D,32,TEMP MN,2009-10-28 00:00,2009-10-28 00:00,12.0, ,DEG F
TUM,D,32,TEMP MN,2009-10-29 00:00,2009-10-29 00:00,13.0, ,DEG F
TUM,D,32,TEMP MN,2009-10-30 00:00,2009-10-30 00:00,25.0, ,DEG F
TUM,D,32,TEMP MN,2009-10-31 00:00,2009-10-31 00:00,24.0, ,DEG F
TUM,D,32,TEMP MN,2009-11-1 00:00,2009-11-1 00:00,23.0, ,DEG F
TUM,D,32,TEMP MN,2009-11-2 00:00,2009-11-2 00:00,24.0, ,DEG F
TUM,D,32,TEMP MN,2009-11-3 00:00,2009-11-3 00:00,25.0, ,DEG F
TUM,D,32,TEMP MN,2009-11-4 00:00,2009-11-4 00:00,23.0, ,DEG F
TUM,D,32,TEMP MN,2009-11-5 00:00,2009-11-5 00:00,24.0, ,DEG F
TUM,D,32,TEMP MN,2009-11-6 00:00,2009-11-6 00:00,18.0, ,DEG F
TUM,D,32,TEMP MN,2009-11-7 00:00,2009-11-7 00:00,14.0, ,DEG F
TUM,D,32,TEMP MN,2009-11-8 00:00,2009-11-8 00:00,14.0, ,DEG F
TUM,D,32,TEMP MN,2009-11-9 00:00,2009-11-9 00:00,14.0, ,DEG F
TUM,D,32,TEMP MN,2009-11-10 00:00,2009-11-10 00:00,21.0, ,DEG F
TUM,D,32,TEMP MN,2009-11-11 00:00,2009-11-11 00:00,24.0, ,DEG F
TUM,D,32,TEMP MN,2009-11-12 00:00,2009-11-12 00:00,19.0, ,DEG F
TUM,D,32,TEMP MN,2009-11-13 00:00,2009-11-13 00:00,7.0, ,DEG F
TUM,D,32,TEMP MN,2009-11-14 00:00,2009-11-14 00:00,5.0, ,DEG F
TUM,D,32,TEMP MN,2009-11-15 00:00,2009-11-15 00:00,15.0, ,DEG F
TUM,D,32,TEMP MN,2009-11-16 00:00,2009-11-16 00:00,17.0, ,DEG F
TUM,D,32,TEMP MN,2009-11-17 00:00,2009-11-17 00:00,17.0, ,DEG F
TUM,D,32,TEMP MN,2009-11-18 00:00,2009-11-18 00:00,18.0, ,DEG F
TUM,D,32,TEMP MN,2009-11-19 00:00,2009-11-19 00:00,14.0, ,DEG F
TUM,D,32,TEMP MN,2009-11-20 00:00,2009-11-20 00:00,18.0, ,DEG F
TUM,D,32,TEMP MN,2009-11-21 00:00,2009-11-21 00:00,18.0, ,DEG F
TUM,D,32,TEMP MN,2009-11-22 00:00,2009-11-22 00:00,17.0, ,DEG F
TUM,D,32,TEMP MN,2009-11-23 00:00,2009-11-23 00:00,15.0, ,DEG F
TUM,D,32,TEMP MN,2009-11-24 00:00,2009-11-24 00:00,21.0, ,DEG F
TUM,D,32,TEMP MN,2009-11-25 00:00,2009-11-25 00:00,23.0, ,DEG F
TUM,D,32,TEMP MN,2009-11-26 00:00,2009-11-26 00:00,18.0, ,DEG F
TUM,D,32,TEMP MN,2009-11-27 00:00,2009-11-27 00:00,19.0, ,DEG F
TUM,D,32,TEMP MN,2009-11-28 00:00,2009-11-28 00:00,20.0, ,DEG F
TUM,D,32,TEMP MN,2009-11-29 00:00,2009-11-29 00:00,13.0, ,DEG F
TUM,D,32,TEMP MN,2009-11-30 00:00,2009-11-30 00:00,11.0, ,DEG F
TUM,D,32,TEMP MN,2009-12-1 00:00,2009-12-1 00:00,11.0, ,DEG F
TUM,D,32,TEMP MN,2009-12-2 00:00,2009-12-2 00:00,7.0, ,DEG F
TUM,D,32,TEMP MN,2009-12-3 00:00,2009-12-3 00:00,6.0, ,DEG F
TUM,D,32,TEMP MN,2009-12-4 00:00,2009-12-4 00:00,9.0, ,DEG F
TUM,D,32,TEMP MN,2009-12-5 00:00,2009-12-5 00:00,6.0, ,DEG F
TUM,D,32,TEMP MN,2009-12-6 00:00,2009-12-6 00:00,-5.0, ,DEG F
TUM,D,32,TEMP MN,2009-12-7 00:00,2009-12-7 00:00,-8.0, ,DEG F
TUM,D,32,TEMP MN,2009-12-8 00:00,2009-12-8 00:00,-20.0, ,DEG F
TUM,D,32,TEMP MN,2009-12-9 00:00,2009-12-9 00:00,-13.0, ,DEG F
TUM,D,32,TEMP MN,2009-12-10 00:00,2009-12-10 00:00,4.0, ,DEG F
TUM,D,32,TEMP MN,2009-12-11 00:00,2009-12-11 00:00,24.0, ,DEG F
TUM,D,32,TEMP MN,2009-12-12 00:00,2009-12-12 00:00,20.0, ,DEG F
TUM,D,32,TEMP MN,2009-12-13 00:00,2009-12-13 00:00,10.0, ,DEG F
TUM,D,32,TEMP MN,2009-12-14 00:00,2009-12-14 00:00,-5.0, ,DEG F
TUM,D,32,TEMP MN,2009-12-15 00:00,2009-12-15 00:00,1.0, ,DEG F
TUM,D,32,TEMP MN,2009-12-16 00:00,2009-12-16 00:00,10.0, ,DEG F
TUM,D,32,TEMP MN,2009-12-17 00:00,2009-12-17 00:00,9.0, ,DEG F
TUM,D,32,TEMP MN,2009-12-18 00:00,2009-12-18 00:00,10.0, ,DEG F
TUM,D,32,TEMP MN,2009-12-19 00:00,2009-12-19 00:00,10.0, ,DEG F
TUM,D,32,TEMP MN,2009-12-20 00:00,2009-12-20 00:00,8.0, ,DEG F
TUM,D,32,TEMP MN,2009-12-21 00:00,2009-12-21 00:00,5.0, ,DEG F
TUM,D,32,TEMP MN,2009-12-22 00:00,2009-12-22 00:00,7.0, ,DEG F
TUM,D,32,TEMP MN,2009-12-23 00:00,2009-12-23 00:00,7.0, ,DEG F
TUM,D,32,TEMP MN,2009-12-24 00:00,2009-12-24 00:00,7.0, ,DEG F
TUM,D,32,TEMP MN,2009-12-25 00:00,2009-12-25 00:00,10.0, ,DEG F
TUM,D,32,TEMP MN,2009-12-26 00:00,2009-12-26 00:00,4.0, ,DEG F
TUM,D,32,TEMP MN,2009-12-27 00:00,2009-12-27 00:00,3.0, ,DEG F
TUM,D,32,TEMP MN,2009-12-28 00:00,2009-12-28 00:00,-3.0, ,DEG F
TUM,D,32,TEMP MN,2009-12-29 00:00,2009-12-29 00:00,15.0, ,DEG F
TUM,D,32,TEMP MN,2009-12-30 00:00,2009-12-30 00:00,3.0, ,DEG F
TUM,D,32,TEMP MN,2009-12-31 00:00,2009-12-31 00:00,13.0, ,DEG F
TUM,D,32,TEMP MN,2010-1-1 00:00,2010-1-1 00:00,7.0, ,DEG F
TUM,D,32,TEMP MN,2010-1-2 00:00,2010-1-2 00:00,1.0, ,DEG F
TUM,D,32,TEMP MN,2010-1-3 00:00,2010-1-3 00:00,9.0, ,DEG F
TUM,D,32,TEMP MN,2010-1-4 00:00,2010-1-4 00:00,7.0, ,DEG F
TUM,D,32,TEMP MN,2010-1-5 00:00,2010-1-5 00:00,9.0, ,DEG F
TUM,D,32,TEMP MN,2010-1-6 00:00,2010-1-6 00:00,13.0, ,DEG F
TUM,D,32,TEMP MN,2010-1-7 00:00,2010-1-7 00:00,20.0, ,DEG F
TUM,D,32,TEMP MN,2010-1-8 00:00,2010-1-8 00:00,20.0, ,DEG F
TUM,D,32,TEMP MN,2010-1-9 00:00,2010-1-9 00:00,20.0, ,DEG F
TUM,D,32,TEMP MN,2010-1-10 00:00,2010-1-10 00:00,18.0, ,DEG F
TUM,D,32,TEMP MN,2010-1-11 00:00,2010-1-11 00:00,16.0, ,DEG F
TUM,D,32,TEMP MN,2010-1-12 00:00,2010-1-12 00:00,28.0, ,DEG F
TUM,D,32,TEMP MN,2010-1-13 00:00,2010-1-13 00:00,2.0, ,DEG F
TUM,D,32,TEMP MN,2010-1-14 00:00,2010-1-14 00:00,-4.0, ,DEG F
TUM,D,32,TEMP MN,2010-1-15 00:00,2010-1-15 00:00,12.0, ,DEG F
TUM,D,32,TEMP MN,2010-1-16 00:00,2010-1-16 00:00,13.0, ,DEG F
TUM,D,32,TEMP MN,2010-1-17 00:00,2010-1-17 00:00,10.0, ,DEG F
TUM,D,32,TEMP MN,2010-1-18 00:00,2010-1-18 00:00,14.0, ,DEG F
TUM,D,32,TEMP MN,2010-1-19 00:00,2010-1-19 00:00,16.0, ,DEG F
TUM,D,32,TEMP MN,2010-1-20 00:00,2010-1-20 00:00,15.0, ,DEG F
TUM,D,32,TEMP MN,2010-1-21 00:00,2010-1-21 00:00,3.0, ,DEG F
TUM,D,32,TEMP MN,2010-1-22 00:00,2010-1-22 00:00,12.0, ,DEG F
TUM,D,32,TEMP MN,2010-1-23 00:00,2010-1-23 00:00,-1.0, ,DEG F
TUM,D,32,TEMP MN,2010-1-24 00:00,2010-1-24 00:00,-4.0, ,DEG F
TUM,D,32,TEMP MN,2010-1-25 00:00,2010-1-25 00:00,21.0, ,DEG F
TUM,D,32,TEMP MN,2010-1-26 00:00,2010-1-26 00:00,14.0, ,DEG F
TUM,D,32,TEMP MN,2010-1-27 00:00,2010-1-27 00:00,8.0, ,DEG F
TUM,D,32,TEMP MN,2010-1-28 00:00,2010-1-28 00:00,13.0, ,DEG F
TUM,D,32,TEMP MN,2010-1-29 00:00,2010-1-29 00:00,20.0, ,DEG F
TUM,D,32,TEMP MN,2010-1-30 00:00,2010-1-30 00:00,0.0, ,DEG F
TUM,D,32,TEMP MN,2010-1-31 00:00,2010-1-31 00:00,-7.0, ,DEG F
TUM,D,32,TEMP MN,2010-2-1 00:00,2010-2-1 00:00,2.0, ,DEG F
TUM,D,32,TEMP MN,2010-2-2 00:00,2010-2-2 00:00,19.0, ,DEG F
TUM,D,32,TEMP MN,2010-2-3 00:00,2010-2-3 00:00,1.0, ,DEG F
TUM,D,32,TEMP MN,2010-2-4 00:00,2010-2-4 00:00,11.0, ,DEG F
TUM,D,32,TEMP MN,2010-2-5 00:00,2010-2-5 00:00,22.0, ,DEG F
TUM,D,32,TEMP MN,2010-2-6 00:00,2010-2-6 00:00,20.0, ,DEG F
TUM,D,32,TEMP MN,2010-2-7 00:00,2010-2-7 00:00,8.0, ,DEG F
TUM,D,32,TEMP MN,2010-2-8 00:00,2010-2-8 00:00,-4.0, ,DEG F
TUM,D,32,TEMP MN,2010-2-9 00:00,2010-2-9 00:00,13.0, ,DEG F
TUM,D,32,TEMP MN,2010-2-10 00:00,2010-2-10 00:00,-2.0, ,DEG F
TUM,D,32,TEMP MN,2010-2-11 00:00,2010-2-11 00:00,13.0, ,DEG F
TUM,D,32,TEMP MN,2010-2-12 00:00,2010-2-12 00:00,11.0, ,DEG F
TUM,D,32,TEMP MN,2010-2-13 00:00,2010-2-13 00:00,8.0, ,DEG F
TUM,D,32,TEMP MN,2010-2-14 00:00,2010-2-14 00:00,8.0, ,DEG F
TUM,D,32,TEMP MN,2010-2-15 00:00,2010-2-15 00:00,10.0, ,DEG F
TUM,D,32,TEMP MN,2010-2-16 00:00,2010-2-16 00:00,14.0, ,DEG F
TUM,D,32,TEMP MN,2010-2-17 00:00,2010-2-17 00:00,13.0, ,DEG F
TUM,D,32,TEMP MN,2010-2-18 00:00,2010-2-18 00:00,10.0, ,DEG F
TUM,D,32,TEMP MN,2010-2-19 00:00,2010-2-19 00:00,9.0, ,DEG F
TUM,D,32,TEMP MN,2010-2-20 00:00,2010-2-20 00:00,21.0, ,DEG F
TUM,D,32,TEMP MN,2010-2-21 00:00,2010-2-21 00:00,18.0, ,DEG F
TUM,D,32,TEMP MN,2010-2-22 00:00,2010-2-22 00:00,-2.0, ,DEG F
TUM,D,32,TEMP MN,2010-2-23 00:00,2010-2-23 00:00,4.0, ,DEG F
TUM,D,32,TEMP MN,2010-2-24 00:00,2010-2-24 00:00,15.0, ,DEG F
TUM,D,32,TEMP MN,2010-2-25 00:00,2010-2-25 00:00,0.0, ,DEG F
TUM,D,32,TEMP MN,2010-2-26 00:00,2010-2-26 00:00,12.0, ,DEG F
TUM,D,32,TEMP MN,2010-2-27 00:00,2010-2-27 00:00,19.0, ,DEG F
TUM,D,32,TEMP MN,2010-2-28 00:00,2010-2-28 00:00,10.0, ,DEG F
TUM,D,32,TEMP MN,2010-3-1 00:00,2010-3-1 00:00,9.0, ,DEG F
TUM,D,32,TEMP MN,2010-3-2 00:00,2010-3-2 00:00,15.0, ,DEG F
TUM,D,32,TEMP MN,2010-3-3 00:00,2010-3-3 00:00,2.0, ,DEG F
TUM,D,32,TEMP MN,2010-3-4 00:00,2010-3-4 00:00,1.0, ,DEG F
TUM,D,32,TEMP MN,2010-3-5 00:00,2010-3-5 00:00,-5.0, ,DEG F
TUM,D,32,TEMP MN,2010-3-6 00:00,2010-3-6 00:00,13.0, ,DEG F
TUM,D,32,TEMP MN,2010-3-7 00:00,2010-3-7 00:00,3.0, ,DEG F
TUM,D,32,TEMP MN,2010-3-8 00:00,2010-3-8 00:00,11.0, ,DEG F
TUM,D,32,TEMP MN,2010-3-9 00:00,2010-3-9 00:00,-5.0, ,DEG F
TUM,D,32,TEMP MN,2010-3-10 00:00,2010-3-10 00:00,1.0, ,DEG F
TUM,D,32,TEMP MN,2010-3-11 00:00,2010-3-11 00:00,-1.0, ,DEG F
TUM,D,32,TEMP MN,2010-3-12 00:00,2010-3-12 00:00,4.0, ,DEG F
TUM,D,32,TEMP MN,2010-3-13 00:00,2010-3-13 00:00,6.0, ,DEG F
TUM,D,32,TEMP MN,2010-3-14 00:00,2010-3-14 00:00,-2.0, ,DEG F
TUM,D,32,TEMP MN,2010-3-15 00:00,2010-3-15 00:00,12.0, ,DEG F
TUM,D,32,TEMP MN,2010-3-16 00:00,2010-3-16 00:00,19.0, ,DEG F
TUM,D,32,TEMP MN,2010-3-17 00:00,2010-3-17 00:00,21.0, ,DEG F
TUM,D,32,TEMP MN,2010-3-18 00:00,2010-3-18 00:00,16.0, ,DEG F
TUM,D,32,TEMP MN,2010-3-19 00:00,2010-3-19 00:00,19.0, ,DEG F
TUM,D,32,TEMP MN,2010-3-20 00:00,2010-3-20 00:00,15.0, ,DEG F
TUM,D,32,TEMP MN,2010-3-21 00:00,2010-3-21 00:00,10.0, ,DEG F
TUM,D,32,TEMP MN,2010-3-22 00:00,2010-3-22 00:00,9.0, ,DEG F
TUM,D,32,TEMP MN,2010-3-23 00:00,2010-3-23 00:00,21.0, ,DEG F
TUM,D,32,TEMP MN,2010-3-24 00:00,2010-3-24 00:00,13.0, ,DEG F
TUM,D,32,TEMP MN,2010-3-25 00:00,2010-3-25 00:00,19.0, ,DEG F
TUM,D,32,TEMP MN,2010-3-26 00:00,2010-3-26 00:00,8.0, ,DEG F
TUM,D,32,TEMP MN,2010-3-27 00:00,2010-3-27 00:00,16.0, ,DEG F
TUM,D,32,TEMP MN,2010-3-28 00:00,2010-3-28 00:00,16.0, ,DEG F
TUM,D,32,TEMP MN,2010-3-29 00:00,2010-3-29 00:00,17.0, ,DEG F
TUM,D,32,TEMP MN,2010-3-30 00:00,2010-3-30 00:00,20.0, ,DEG F
TUM,D,32,TEMP MN,2010-3-31 00:00,2010-3-31 00:00,1.0, ,DEG F
TUM,D,32,TEMP MN,2010-4-1 00:00,2010-4-1 00:00,-5.0, ,DEG F
TUM,D,32,TEMP MN,2010-4-2 00:00,2010-4-2 00:00,2.0, ,DEG F
TUM,D,32,TEMP MN,2010-4-3 00:00,2010-4-3 00:00,3.0, ,DEG F
TUM,D,32,TEMP MN,2010-4-4 00:00,2010-4-4 00:00,0.0, ,DEG F
TUM,D,32,TEMP MN,2010-4-5 00:00,2010-4-5 00:00,-2.0, ,DEG F
TUM,D,32,TEMP MN,2010-4-6 00:00,2010-4-6 00:00,-11.0, ,DEG F
TUM,D,32,TEMP MN,2010-4-7 00:00,2010-4-7 00:00,16.0, ,DEG F
TUM,D,32,TEMP MN,2010-4-8 00:00,2010-4-8 00:00,14.0, ,DEG F
TUM,D,32,TEMP MN,2010-4-9 00:00,2010-4-9 00:00,11.0, ,DEG F
TUM,D,32,TEMP MN,2010-4-10 00:00,2010-4-10 00:00,18.0, ,DEG F
TUM,D,32,TEMP MN,2010-4-11 00:00,2010-4-11 00:00,18.0, ,DEG F
TUM,D,32,TEMP MN,2010-4-12 00:00,2010-4-12 00:00,12.0, ,DEG F
TUM,D,32,TEMP MN,2010-4-13 00:00,2010-4-13 00:00,3.0, ,DEG F
TUM,D,32,TEMP MN,2010-4-14 00:00,2010-4-14 00:00,6.0, ,DEG F
TUM,D,32,TEMP MN,2010-4-15 00:00,2010-4-15 00:00,11.0, ,DEG F
TUM,D,32,TEMP MN,2010-4-16 00:00,2010-4-16 00:00,18.0, ,DEG F
TUM,D,32,TEMP MN,2010-4-17 00:00,2010-4-17 00:00,14.0, ,DEG F
TUM,D,32,TEMP MN,2010-4-18 00:00,2010-4-18 00:00,15.0, ,DEG F
TUM,D,32,TEMP MN,2010-4-19 00:00,2010-4-19 00:00,19.0, ,DEG F
TUM,D,32,TEMP MN,2010-4-20 00:00,2010-4-20 00:00,18.0, ,DEG F
TUM,D,32,TEMP MN,2010-4-21 00:00,2010-4-21 00:00,13.0, ,DEG F
TUM,D,32,TEMP MN,2010-4-22 00:00,2010-4-22 00:00,13.0, ,DEG F
TUM,D,32,TEMP MN,2010-4-23 00:00,2010-4-23 00:00,22.0, ,DEG F
TUM,D,32,TEMP MN,2010-4-24 00:00,2010-4-24 00:00,15.0, ,DEG F
TUM,D,32,TEMP MN,2010-4-25 00:00,2010-4-25 00:00,20.0, ,DEG F
TUM,D,32,TEMP MN,2010-4-26 00:00,2010-4-26 00:00,23.0, ,DEG F
TUM,D,32,TEMP MN,2010-4-27 00:00,2010-4-27 00:00,28.0, ,DEG F
TUM,D,32,TEMP MN,2010-4-28 00:00,2010-4-28 00:00,15.0, ,DEG F
TUM,D,32,TEMP MN,2010-4-29 00:00,2010-4-29 00:00,2.0, ,DEG F
TUM,D,32,TEMP MN,2010-4-30 00:00,2010-4-30 00:00,17.0, ,DEG F
TUM,D,32,TEMP MN,2010-5-1 00:00,2010-5-1 00:00,17.0, ,DEG F
TUM,D,32,TEMP MN,2010-5-2 00:00,2010-5-2 00:00,20.0, ,DEG F
TUM,D,32,TEMP MN,2010-5-3 00:00,2010-5-3 00:00,23.0, ,DEG F
TUM,D,32,TEMP MN,2010-5-4 00:00,2010-5-4 00:00,22.0, ,DEG F
TUM,D,32,TEMP MN,2010-5-5 00:00,2010-5-5 00:00,21.0, ,DEG F
TUM,D,32,TEMP MN,2010-5-6 00:00,2010-5-6 00:00,16.0, ,DEG F
TUM,D,32,TEMP MN,2010-5-7 00:00,2010-5-7 00:00,19.0, ,DEG F
TUM,D,32,TEMP MN,2010-5-8 00:00,2010-5-8 00:00,19.0, ,DEG F
TUM,D,32,TEMP MN,2010-5-9 00:00,2010-5-9 00:00,15.0, ,DEG F
TUM,D,32,TEMP MN,2010-5-10 00:00,2010-5-10 00:00,11.0, ,DEG F
TUM,D,32,TEMP MN,2010-5-11 00:00,2010-5-11 00:00,8.0, ,DEG F
TUM,D,32,TEMP MN,2010-5-12 00:00,2010-5-12 00:00,23.0, ,DEG F
TUM,D,32,TEMP MN,2010-5-13 00:00,2010-5-13 00:00,24.0, ,DEG F
TUM,D,32,TEMP MN,2010-5-14 00:00,2010-5-14 00:00,23.0, ,DEG F
TUM,D,32,TEMP MN,2010-5-15 00:00,2010-5-15 00:00,24.0, ,DEG F
TUM,D,32,TEMP MN,2010-5-16 00:00,2010-5-16 00:00,27.0, ,DEG F
TUM,D,32,TEMP MN,2010-5-17 00:00,2010-5-17 00:00,27.0, ,DEG F
TUM,D,32,TEMP MN,2010-5-18 00:00,2010-5-18 00:00,25.0, ,DEG F
TUM,D,32,TEMP MN,2010-5-19 00:00,2010-5-19 00:00,27.0, ,DEG F
TUM,D,32,TEMP MN,2010-5-20 00:00,2010-5-20 00:00,26.0, ,DEG F
TUM,D,32,TEMP MN,2010-5-21 00:00,2010-5-21 00:00,20.0, ,DEG F
TUM,D,32,TEMP MN,2010-5-22 00:00,2010-5-22 00:00,11.0, ,DEG F
TUM,D,32,TEMP MN,2010-5-23 00:00,2010-5-23 00:00,15.0, ,DEG F
TUM,D,32,TEMP MN,2010-5-24 00:00,2010-5-24 00:00,17.0, ,DEG F
TUM,D,32,TEMP MN,2010-5-25 00:00,2010-5-25 00:00,16.0, ,DEG F
TUM,D,32,TEMP MN,2010-5-26 00:00,2010-5-26 00:00,25.0, ,DEG F
TUM,D,32,TEMP MN,2010-5-27 00:00,2010-5-27 00:00,25.0, ,DEG F
TUM,D,32,TEMP MN,2010-5-28 00:00,2010-5-28 00:00,19.0, ,DEG F
TUM,D,32,TEMP MN,2010-5-29 00:00,2010-5-29 00:00,23.0, ,DEG F
TUM,D,32,TEMP MN,2010-5-30 00:00,2010-5-30 00:00,25.0, ,DEG F
TUM,D,32,TEMP MN,2010-5-31 00:00,2010-5-31 00:00,26.0, ,DEG F
TUM,D,32,TEMP MN,2010-6-1 00:00,2010-6-1 00:00,33.0, ,DEG F
TUM,D,32,TEMP MN,2010-6-2 00:00,2010-6-2 00:00,28.0, ,DEG F
TUM,D,32,TEMP MN,2010-6-3 00:00,2010-6-3 00:00,29.0, ,DEG F
TUM,D,32,TEMP MN,2010-6-4 00:00,2010-6-4 00:00,35.0, ,DEG F
TUM,D,32,TEMP MN,2010-6-5 00:00,2010-6-5 00:00,32.0, ,DEG F
TUM,D,32,TEMP MN,2010-6-6 00:00,2010-6-6 00:00,35.0, ,DEG F
TUM,D,32,TEMP MN,2010-6-7 00:00,2010-6-7 00:00,32.0, ,DEG F
TUM,D,32,TEMP MN,2010-6-8 00:00,2010-6-8 00:00,31.0, ,DEG F
TUM,D,32,TEMP MN,2010-6-9 00:00,2010-6-9 00:00,31.0, ,DEG F
TUM,D,32,TEMP MN,2010-6-10 00:00,2010-6-10 00:00,26.0, ,DEG F
TUM,D,32,TEMP MN,2010-6-11 00:00,2010-6-11 00:00,31.0, ,DEG F
TUM,D,32,TEMP MN,2010-6-12 00:00,2010-6-12 00:00,30.0, ,DEG F
TUM,D,32,TEMP MN,2010-6-13 00:00,2010-6-13 00:00,27.0, ,DEG F
TUM,D,32,TEMP MN,2010-6-14 00:00,2010-6-14 00:00,28.0, ,DEG F
TUM,D,32,TEMP MN,2010-6-15 00:00,2010-6-15 00:00,31.0, ,DEG F
TUM,D,32,TEMP MN,2010-6-16 00:00,2010-6-16 00:00,25.0, ,DEG F
TUM,D,32,TEMP MN,2010-6-17 00:00,2010-6-17 00:00,25.0, ,DEG F
TUM,D,32,TEMP MN,2010-6-18 00:00,2010-6-18 00:00,27.0, ,DEG F
TUM,D,32,TEMP MN,2010-6-19 00:00,2010-6-19 00:00,26.0, ,DEG F
TUM,D,32,TEMP MN,2010-6-20 00:00,2010-6-20 00:00,26.0, ,DEG F
TUM,D,32,TEMP MN,2010-6-21 00:00,2010-6-21 00:00,29.0, ,DEG F
TUM,D,32,TEMP MN,2010-6-22 00:00,2010-6-22 00:00,29.0, ,DEG F
TUM,D,32,TEMP MN,2010-6-23 00:00,2010-6-23 00:00,34.0, ,DEG F
TUM,D,32,TEMP MN,2010-6-24 00:00,2010-6-24 00:00,34.0, ,DEG F
TUM,D,32,TEMP MN,2010-6-25 00:00,2010-6-25 00:00,39.0, ,DEG F
TUM,D,32,TEMP MN,2010-6-26 00:00,2010-6-26 00:00,36.0, ,DEG F
TUM,D,32,TEMP MN,2010-6-27 00:00,2010-6-27 00:00,39.0, ,DEG F
TUM,D,32,TEMP MN,2010-6-28 00:00,2010-6-28 00:00,39.0, ,DEG F
TUM,D,32,TEMP MN,2010-6-29 00:00,2010-6-29 00:00,39.0, ,DEG F
TUM,D,32,TEMP MN,2010-6-30 00:00,2010-6-30 00:00,34.0, ,DEG F
TUM,D,32,TEMP MN,2010-7-1 00:00,2010-7-1 00:00,29.0, ,DEG F
TUM,D,32,TEMP MN,2010-7-2 00:00,2010-7-2 00:00,28.0, ,DEG F
TUM,D,32,TEMP MN,2010-7-3 00:00,2010-7-3 00:00,31.0, ,DEG F
TUM,D,32,TEMP MN,2010-7-4 00:00,2010-7-4 00:00,30.0, ,DEG F
TUM,D,32,TEMP MN,2010-7-5 00:00,2010-7-5 00:00,33.0, ,DEG F
TUM,D,32,TEMP MN,2010-7-6 00:00,2010-7-6 00:00,37.0, ,DEG F
TUM,D,32,TEMP MN,2010-7-7 00:00,2010-7-7 00:00,37.0, ,DEG F
TUM,D,32,TEMP MN,2010-7-8 00:00,2010-7-8 00:00,35.0, ,DEG F
TUM,D,32,TEMP MN,2010-7-9 00:00,2010-7-9 00:00,39.0, ,DEG F
TUM,D,32,TEMP MN,2010-7-10 00:00,2010-7-10 00:00,40.0, ,DEG F
TUM,D,32,TEMP MN,2010-7-11 00:00,2010-7-11 00:00,37.0, ,DEG F
TUM,D,32,TEMP MN,2010-7-12 00:00,2010-7-12 00:00,42.0, ,DEG F
TUM,D,32,TEMP MN,2010-7-13 00:00,2010-7-13 00:00,45.0, ,DEG F
TUM,D,32,TEMP MN,2010-7-14 00:00,2010-7-14 00:00,40.0, ,DEG F
TUM,D,32,TEMP MN,2010-7-15 00:00,2010-7-15 00:00,42.0, ,DEG F
TUM,D,32,TEMP MN,2010-7-16 00:00,2010-7-16 00:00,48.0, ,DEG F
TUM,D,32,TEMP MN,2010-7-17 00:00,2010-7-17 00:00,43.0, ,DEG F
TUM,D,32,TEMP MN,2010-7-18 00:00,2010-7-18 00:00,44.0, ,DEG F
TUM,D,32,TEMP MN,2010-7-19 00:00,2010-7-19 00:00,37.0, ,DEG F
TUM,D,32,TEMP MN,2010-7-20 00:00,2010-7-20 00:00,39.0, ,DEG F
TUM,D,32,TEMP MN,2010-7-21 00:00,2010-7-21 00:00,36.0, ,DEG F
TUM,D,82,SNO ADJ,2009-10-1 00:00,2009-10-1 00:00,0.0,r,INCHES
TUM,D,82,SNO ADJ,2009-10-2 00:00,2009-10-2 00:00,0.0,r,INCHES
TUM,D,82,SNO ADJ,2009-10-3 00:00,2009-10-3 00:00,0.0,r,INCHES
TUM,D,82,SNO ADJ,2009-10-4 00:00,2009-10-4 00:00,0.0,r,INCHES
TUM,D,82,SNO ADJ,2009-10-5 00:00,2009-10-5 00:00,0.0,r,INCHES
TUM,D,82,SNO ADJ,2009-10-6 00:00,2009-10-6 00:00,0.0,r,INCHES
TUM,D,82,SNO ADJ,2009-10-7 00:00,2009-10-7 00:00,0.0,r,INCHES
TUM,D,82,SNO ADJ,2009-10-8 00:00,2009-10-8 00:00,0.0,r,INCHES
TUM,D,82,SNO ADJ,2009-10-9 00:00,2009-10-9 00:00,0.0,r,INCHES
TUM,D,82,SNO ADJ,2009-10-10 00:00,2009-10-10 00:00,0.0,r,INCHES
TUM,D,82,SNO ADJ,2009-10-11 00:00,2009-10-11 00:00,0.0,r,INCHES
TUM,D,82,SNO ADJ,2009-10-12 00:00,2009-10-12 00:00,0.0,r,INCHES
TUM,D,82,SNO ADJ,2009-10-13 00:00,2009-10-13 00:00,0.14, ,INCHES
TUM,D,82,SNO ADJ,2009-10-14 00:00,2009-10-14 00:00,2.66, ,INCHES
TUM,D,82,SNO ADJ,2009-10-15 00:00,2009-10-15 00:00,1.58, ,INCHES
TUM,D,82,SNO ADJ,2009-10-16 00:00,2009-10-16 00:00,0.74, ,INCHES
TUM,D,82,SNO ADJ,2009-10-17 00:00,2009-10-17 00:00,0.62, ,INCHES
TUM,D,82,SNO ADJ,2009-10-18 00:00,2009-10-18 00:00,0.5, ,INCHES
TUM,D,82,SNO ADJ,2009-10-19 00:00,2009-10-19 00:00,0.5, ,INCHES
TUM,D,82,SNO ADJ,2009-10-20 00:00,2009-10-20 00:00,0.5, ,INCHES
TUM,D,82,SNO ADJ,2009-10-21 00:00,2009-10-21 00:00,0.5, ,INCHES
TUM,D,82,SNO ADJ,2009-10-22 00:00,2009-10-22 00:00,0.38, ,INCHES
TUM,D,82,SNO ADJ,2009-10-23 00:00,2009-10-23 00:00,0.5, ,INCHES
TUM,D,82,SNO ADJ,2009-10-24 00:00,2009-10-24 00:00,0.38, ,INCHES
TUM,D,82,SNO ADJ,2009-10-25 00:00,2009-10-25 00:00,0.38, ,INCHES
TUM,D,82,SNO ADJ,2009-10-26 00:00,2009-10-26 00:00,0.26, ,INCHES
TUM,D,82,SNO ADJ,2009-10-27 00:00,2009-10-27 00:00,0.26, ,INCHES
TUM,D,82,SNO ADJ,2009-10-28 00:00,2009-10-28 00:00,0.14, ,INCHES
TUM,D,82,SNO ADJ,2009-10-29 00:00,2009-10-29 00:00,0.26, ,INCHES
TUM,D,82,SNO ADJ,2009-10-30 00:00,2009-10-30 00:00,0.26, ,INCHES
TUM,D,82,SNO ADJ,2009-10-31 00:00,2009-10-31 00:00,0.14, ,INCHES
TUM,D,82,SNO ADJ,2009-11-1 00:00,2009-11-1 00:00,0.14, ,INCHES
TUM,D,82,SNO ADJ,2009-11-2 00:00,2009-11-2 00:00,0.14, ,INCHES
TUM,D,82,SNO ADJ,2009-11-3 00:00,2009-11-3 00:00,0.14, ,INCHES
TUM,D,82,SNO ADJ,2009-11-4 00:00,2009-11-4 00:00,0.14, ,INCHES
TUM,D,82,SNO ADJ,2009-11-5 00:00,2009-11-5 00:00,0.14, ,INCHES
TUM,D,82,SNO ADJ,2009-11-6 00:00,2009-11-6 00:00,0.14, ,INCHES
TUM,D,82,SNO ADJ,2009-11-7 00:00,2009-11-7 00:00,0.14, ,INCHES
TUM,D,82,SNO ADJ,2009-11-8 00:00,2009-11-8 00:00,0.14, ,INCHES
TUM,D,82,SNO ADJ,2009-11-9 00:00,2009-11-9 00:00,0.26, ,INCHES
TUM,D,82,SNO ADJ,2009-11-10 00:00,2009-11-10 00:00,0.14, ,INCHES
TUM,D,82,SNO ADJ,2009-11-11 00:00,2009-11-11 00:00,0.14, ,INCHES
TUM,D,82,SNO ADJ,2009-11-12 00:00,2009-11-12 00:00,0.14, ,INCHES
TUM,D,82,SNO ADJ,2009-11-13 00:00,2009-11-13 00:00,0.38, ,INCHES
TUM,D,82,SNO ADJ,2009-11-14 00:00,2009-11-14 00:00,0.38, ,INCHES
TUM,D,82,SNO ADJ,2009-11-15 00:00,2009-11-15 00:00,0.62, ,INCHES
TUM,D,82,SNO ADJ,2009-11-16 00:00,2009-11-16 00:00,1.1, ,INCHES
TUM,D,82,SNO ADJ,2009-11-17 00:00,2009-11-17 00:00,0.62, ,INCHES
TUM,D,82,SNO ADJ,2009-11-18 00:00,2009-11-18 00:00,0.5, ,INCHES
TUM,D,82,SNO ADJ,2009-11-19 00:00,2009-11-19 00:00,0.5, ,INCHES
TUM,D,82,SNO ADJ,2009-11-20 00:00,2009-11-20 00:00,0.5, ,INCHES
TUM,D,82,SNO ADJ,2009-11-21 00:00,2009-11-21 00:00,0.38, ,INCHES
TUM,D,82,SNO ADJ,2009-11-22 00:00,2009-11-22 00:00,0.5, ,INCHES
TUM,D,82,SNO ADJ,2009-11-23 00:00,2009-11-23 00:00,0.5, ,INCHES
TUM,D,82,SNO ADJ,2009-11-24 00:00,2009-11-24 00:00,0.38, ,INCHES
TUM,D,82,SNO ADJ,2009-11-25 00:00,2009-11-25 00:00,0.5, ,INCHES
TUM,D,82,SNO ADJ,2009-11-26 00:00,2009-11-26 00:00,0.38, ,INCHES
TUM,D,82,SNO ADJ,2009-11-27 00:00,2009-11-27 00:00,0.5, ,INCHES
TUM,D,82,SNO ADJ,2009-11-28 00:00,2009-11-28 00:00,0.86, ,INCHES
TUM,D,82,SNO ADJ,2009-11-29 00:00,2009-11-29 00:00,1.1, ,INCHES
TUM,D,82,SNO ADJ,2009-11-30 00:00,2009-11-30 00:00,0.98, ,INCHES
TUM,D,82,SNO ADJ,2009-12-1 00:00,2009-12-1 00:00,0.98, ,INCHES
TUM,D,82,SNO ADJ,2009-12-2 00:00,2009-12-2 00:00,0.86, ,INCHES
TUM,D,82,SNO ADJ,2009-12-3 00:00,2009-12-3 00:00,0.98, ,INCHES
TUM,D,82,SNO ADJ,2009-12-4 00:00,2009-12-4 00:00,1.34, ,INCHES
TUM,D,82,SNO ADJ,2009-12-5 00:00,2009-12-5 00:00,1.46, ,INCHES
TUM,D,82,SNO ADJ,2009-12-6 00:00,2009-12-6 00:00,1.34, ,INCHES
TUM,D,82,SNO ADJ,2009-12-7 00:00,2009-12-7 00:00,1.58, ,INCHES
TUM,D,82,SNO ADJ,2009-12-8 00:00,2009-12-8 00:00,2.06, ,INCHES
TUM,D,82,SNO ADJ,2009-12-9 00:00,2009-12-9 00:00,2.06, ,INCHES
TUM,D,82,SNO ADJ,2009-12-10 00:00,2009-12-10 00:00,2.06, ,INCHES
TUM,D,82,SNO ADJ,2009-12-11 00:00,2009-12-11 00:00,2.3, ,INCHES
TUM,D,82,SNO ADJ,2009-12-12 00:00,2009-12-12 00:00,2.78, ,INCHES
TUM,D,82,SNO ADJ,2009-12-13 00:00,2009-12-13 00:00,4.94, ,INCHES
TUM,D,82,SNO ADJ,2009-12-14 00:00,2009-12-14 00:00,5.18, ,INCHES
TUM,D,82,SNO ADJ,2009-12-15 00:00,2009-12-15 00:00,5.18, ,INCHES
TUM,D,82,SNO ADJ,2009-12-16 00:00,2009-12-16 00:00,5.18, ,INCHES
TUM,D,82,SNO ADJ,2009-12-17 00:00,2009-12-17 00:00,5.18, ,INCHES
TUM,D,82,SNO ADJ,2009-12-18 00:00,2009-12-18 00:00,5.18, ,INCHES
TUM,D,82,SNO ADJ,2009-12-19 00:00,2009-12-19 00:00,5.18, ,INCHES
TUM,D,82,SNO ADJ,2009-12-20 00:00,2009-12-20 00:00,5.18, ,INCHES
TUM,D,82,SNO ADJ,2009-12-21 00:00,2009-12-21 00:00,5.18, ,INCHES
TUM,D,82,SNO ADJ,2009-12-22 00:00,2009-12-22 00:00,5.78, ,INCHES
TUM,D,82,SNO ADJ,2009-12-23 00:00,2009-12-23 00:00,5.9, ,INCHES
TUM,D,82,SNO ADJ,2009-12-24 00:00,2009-12-24 00:00,5.9, ,INCHES
TUM,D,82,SNO ADJ,2009-12-25 00:00,2009-12-25 00:00,5.9, ,INCHES
TUM,D,82,SNO ADJ,2009-12-26 00:00,2009-12-26 00:00,5.9, ,INCHES
TUM,D,82,SNO ADJ,2009-12-27 00:00,2009-12-27 00:00,5.9, ,INCHES
TUM,D,82,SNO ADJ,2009-12-28 00:00,2009-12-28 00:00,5.9, ,INCHES
TUM,D,82,SNO ADJ,2009-12-29 00:00,2009-12-29 00:00,5.9, ,INCHES
TUM,D,82,SNO ADJ,2009-12-30 00:00,2009-12-30 00:00,6.14, ,INCHES
TUM,D,82,SNO ADJ,2009-12-31 00:00,2009-12-31 00:00,6.38, ,INCHES
TUM,D,82,SNO ADJ,2010-1-1 00:00,2010-1-1 00:00,6.38, ,INCHES
TUM,D,82,SNO ADJ,2010-1-2 00:00,2010-1-2 00:00,6.38, ,INCHES
TUM,D,82,SNO ADJ,2010-1-3 00:00,2010-1-3 00:00,6.38, ,INCHES
TUM,D,82,SNO ADJ,2010-1-4 00:00,2010-1-4 00:00,6.38, ,INCHES
TUM,D,82,SNO ADJ,2010-1-5 00:00,2010-1-5 00:00,6.26, ,INCHES
TUM,D,82,SNO ADJ,2010-1-6 00:00,2010-1-6 00:00,6.26, ,INCHES
TUM,D,82,SNO ADJ,2010-1-7 00:00,2010-1-7 00:00,6.38, ,INCHES
TUM,D,82,SNO ADJ,2010-1-8 00:00,2010-1-8 00:00,6.38, ,INCHES
TUM,D,82,SNO ADJ,2010-1-9 00:00,2010-1-9 00:00,6.5, ,INCHES
TUM,D,82,SNO ADJ,2010-1-10 00:00,2010-1-10 00:00,6.62, ,INCHES
TUM,D,82,SNO ADJ,2010-1-11 00:00,2010-1-11 00:00,6.62, ,INCHES
TUM,D,82,SNO ADJ,2010-1-12 00:00,2010-1-12 00:00,6.74, ,INCHES
TUM,D,82,SNO ADJ,2010-1-13 00:00,2010-1-13 00:00,7.58, ,INCHES
TUM,D,82,SNO ADJ,2010-1-14 00:00,2010-1-14 00:00,8.06, ,INCHES
TUM,D,82,SNO ADJ,2010-1-15 00:00,2010-1-15 00:00,8.06, ,INCHES
TUM,D,82,SNO ADJ,2010-1-16 00:00,2010-1-16 00:00,8.06, ,INCHES
TUM,D,82,SNO ADJ,2010-1-17 00:00,2010-1-17 00:00,8.06, ,INCHES
TUM,D,82,SNO ADJ,2010-1-18 00:00,2010-1-18 00:00,8.3, ,INCHES
TUM,D,82,SNO ADJ,2010-1-19 00:00,2010-1-19 00:00,9.5, ,INCHES
TUM,D,82,SNO ADJ,2010-1-20 00:00,2010-1-20 00:00,9.98, ,INCHES
TUM,D,82,SNO ADJ,2010-1-21 00:00,2010-1-21 00:00,11.18, ,INCHES
TUM,D,82,SNO ADJ,2010-1-22 00:00,2010-1-22 00:00,12.26, ,INCHES
TUM,D,82,SNO ADJ,2010-1-23 00:00,2010-1-23 00:00,12.5, ,INCHES
TUM,D,82,SNO ADJ,2010-1-24 00:00,2010-1-24 00:00,12.38, ,INCHES
TUM,D,82,SNO ADJ,2010-1-25 00:00,2010-1-25 00:00,12.62, ,INCHES
TUM,D,82,SNO ADJ,2010-1-26 00:00,2010-1-26 00:00,13.1, ,INCHES
TUM,D,82,SNO ADJ,2010-1-27 00:00,2010-1-27 00:00,13.1, ,INCHES
TUM,D,82,SNO ADJ,2010-1-28 00:00,2010-1-28 00:00,12.98, ,INCHES
TUM,D,82,SNO ADJ,2010-1-29 00:00,2010-1-29 00:00,12.98, ,INCHES
TUM,D,82,SNO ADJ,2010-1-30 00:00,2010-1-30 00:00,12.98, ,INCHES
TUM,D,82,SNO ADJ,2010-1-31 00:00,2010-1-31 00:00,12.86, ,INCHES
TUM,D,82,SNO ADJ,2010-2-1 00:00,2010-2-1 00:00,12.74, ,INCHES
TUM,D,82,SNO ADJ,2010-2-2 00:00,2010-2-2 00:00,12.86, ,INCHES
TUM,D,82,SNO ADJ,2010-2-3 00:00,2010-2-3 00:00,12.86, ,INCHES
TUM,D,82,SNO ADJ,2010-2-4 00:00,2010-2-4 00:00,12.74, ,INCHES
TUM,D,82,SNO ADJ,2010-2-5 00:00,2010-2-5 00:00,13.22, ,INCHES
TUM,D,82,SNO ADJ,2010-2-6 00:00,2010-2-6 00:00,13.82, ,INCHES
TUM,D,82,SNO ADJ,2010-2-7 00:00,2010-2-7 00:00,14.06, ,INCHES
TUM,D,82,SNO ADJ,2010-2-8 00:00,2010-2-8 00:00,14.18, ,INCHES
TUM,D,82,SNO ADJ,2010-2-9 00:00,2010-2-9 00:00,14.18, ,INCHES
TUM,D,82,SNO ADJ,2010-2-10 00:00,2010-2-10 00:00,14.3, ,INCHES
TUM,D,82,SNO ADJ,2010-2-11 00:00,2010-2-11 00:00,14.3, ,INCHES
TUM,D,82,SNO ADJ,2010-2-12 00:00,2010-2-12 00:00,14.54, ,INCHES
TUM,D,82,SNO ADJ,2010-2-13 00:00,2010-2-13 00:00,14.54, ,INCHES
TUM,D,82,SNO ADJ,2010-2-14 00:00,2010-2-14 00:00,14.3, ,INCHES
TUM,D,82,SNO ADJ,2010-2-15 00:00,2010-2-15 00:00,14.18, ,INCHES
TUM,D,82,SNO ADJ,2010-2-16 00:00,2010-2-16 00:00,13.46, ,INCHES
TUM,D,82,SNO ADJ,2010-2-17 00:00,2010-2-17 00:00,13.82, ,INCHES
TUM,D,82,SNO ADJ,2010-2-18 00:00,2010-2-18 00:00,13.94, ,INCHES
TUM,D,82,SNO ADJ,2010-2-19 00:00,2010-2-19 00:00,14.18, ,INCHES
TUM,D,82,SNO ADJ,2010-2-20 00:00,2010-2-20 00:00,14.3, ,INCHES
TUM,D,82,SNO ADJ,2010-2-21 00:00,2010-2-21 00:00,14.66, ,INCHES
TUM,D,82,SNO ADJ,2010-2-22 00:00,2010-2-22 00:00,15.14, ,INCHES
TUM,D,82,SNO ADJ,2010-2-23 00:00,2010-2-23 00:00,15.02, ,INCHES
TUM,D,82,SNO ADJ,2010-2-24 00:00,2010-2-24 00:00,15.74, ,INCHES
TUM,D,82,SNO ADJ,2010-2-25 00:00,2010-2-25 00:00,16.58, ,INCHES
TUM,D,82,SNO ADJ,2010-2-26 00:00,2010-2-26 00:00,16.58, ,INCHES
TUM,D,82,SNO ADJ,2010-2-27 00:00,2010-2-27 00:00,18.14, ,INCHES
TUM,D,82,SNO ADJ,2010-2-28 00:00,2010-2-28 00:00,18.38, ,INCHES
TUM,D,82,SNO ADJ,2010-3-1 00:00,2010-3-1 00:00,18.38, ,INCHES
TUM,D,82,SNO ADJ,2010-3-2 00:00,2010-3-2 00:00,18.5, ,INCHES
TUM,D,82,SNO ADJ,2010-3-3 00:00,2010-3-3 00:00,18.5, ,INCHES
TUM,D,82,SNO ADJ,2010-3-4 00:00,2010-3-4 00:00,19.1, ,INCHES
TUM,D,82,SNO ADJ,2010-3-5 00:00,2010-3-5 00:00,19.1, ,INCHES
TUM,D,82,SNO ADJ,2010-3-6 00:00,2010-3-6 00:00,19.1, ,INCHES
TUM,D,82,SNO ADJ,2010-3-7 00:00,2010-3-7 00:00,18.86, ,INCHES
TUM,D,82,SNO ADJ,2010-3-8 00:00,2010-3-8 00:00,18.86, ,INCHES
TUM,D,82,SNO ADJ,2010-3-9 00:00,2010-3-9 00:00,18.98, ,INCHES
TUM,D,82,SNO ADJ,2010-3-10 00:00,2010-3-10 00:00,18.98, ,INCHES
TUM,D,82,SNO ADJ,2010-3-11 00:00,2010-3-11 00:00,18.86, ,INCHES
TUM,D,82,SNO ADJ,2010-3-12 00:00,2010-3-12 00:00,18.98, ,INCHES
TUM,D,82,SNO ADJ,2010-3-13 00:00,2010-3-13 00:00,19.7, ,INCHES
TUM,D,82,SNO ADJ,2010-3-14 00:00,2010-3-14 00:00,19.82, ,INCHES
TUM,D,82,SNO ADJ,2010-3-15 00:00,2010-3-15 00:00,19.82, ,INCHES
TUM,D,82,SNO ADJ,2010-3-16 00:00,2010-3-16 00:00,19.82, ,INCHES
TUM,D,82,SNO ADJ,2010-3-17 00:00,2010-3-17 00:00,19.46, ,INCHES
TUM,D,82,SNO ADJ,2010-3-18 00:00,2010-3-18 00:00,19.46, ,INCHES
TUM,D,82,SNO ADJ,2010-3-19 00:00,2010-3-19 00:00,18.74, ,INCHES
TUM,D,82,SNO ADJ,2010-3-20 00:00,2010-3-20 00:00,18.62, ,INCHES
TUM,D,82,SNO ADJ,2010-3-21 00:00,2010-3-21 00:00,18.38, ,INCHES
TUM,D,82,SNO ADJ,2010-3-22 00:00,2010-3-22 00:00,18.62, ,INCHES
TUM,D,82,SNO ADJ,2010-3-23 00:00,2010-3-23 00:00,18.5, ,INCHES
TUM,D,82,SNO ADJ,2010-3-24 00:00,2010-3-24 00:00,18.62, ,INCHES
TUM,D,82,SNO ADJ,2010-3-25 00:00,2010-3-25 00:00,18.5, ,INCHES
TUM,D,82,SNO ADJ,2010-3-26 00:00,2010-3-26 00:00,18.5, ,INCHES
TUM,D,82,SNO ADJ,2010-3-27 00:00,2010-3-27 00:00,18.62, ,INCHES
TUM,D,82,SNO ADJ,2010-3-28 00:00,2010-3-28 00:00,18.5, ,INCHES
TUM,D,82,SNO ADJ,2010-3-29 00:00,2010-3-29 00:00,18.14, ,INCHES
TUM,D,82,SNO ADJ,2010-3-30 00:00,2010-3-30 00:00,17.66, ,INCHES
TUM,D,82,SNO ADJ,2010-3-31 00:00,2010-3-31 00:00,18.02, ,INCHES
TUM,D,82,SNO ADJ,2010-4-1 00:00,2010-4-1 00:00,18.86, ,INCHES
TUM,D,82,SNO ADJ,2010-4-2 00:00,2010-4-2 00:00,19.1, ,INCHES
TUM,D,82,SNO ADJ,2010-4-3 00:00,2010-4-3 00:00,19.1, ,INCHES
TUM,D,82,SNO ADJ,2010-4-4 00:00,2010-4-4 00:00,18.86, ,INCHES
TUM,D,82,SNO ADJ,2010-4-5 00:00,2010-4-5 00:00,19.58, ,INCHES
TUM,D,82,SNO ADJ,2010-4-6 00:00,2010-4-6 00:00,20.3, ,INCHES
TUM,D,82,SNO ADJ,2010-4-7 00:00,2010-4-7 00:00,19.82, ,INCHES
TUM,D,82,SNO ADJ,2010-4-8 00:00,2010-4-8 00:00,18.86, ,INCHES
TUM,D,82,SNO ADJ,2010-4-9 00:00,2010-4-9 00:00,18.38, ,INCHES
TUM,D,82,SNO ADJ,2010-4-10 00:00,2010-4-10 00:00,18.5, ,INCHES
TUM,D,82,SNO ADJ,2010-4-11 00:00,2010-4-11 00:00,18.62, ,INCHES
TUM,D,82,SNO ADJ,2010-4-12 00:00,2010-4-12 00:00,19.46, ,INCHES
TUM,D,82,SNO ADJ,2010-4-13 00:00,2010-4-13 00:00,20.06, ,INCHES
TUM,D,82,SNO ADJ,2010-4-14 00:00,2010-4-14 00:00,20.3, ,INCHES
TUM,D,82,SNO ADJ,2010-4-15 00:00,2010-4-15 00:00,19.34, ,INCHES
TUM,D,82,SNO ADJ,2010-4-16 00:00,2010-4-16 00:00,18.98, ,INCHES
TUM,D,82,SNO ADJ,2010-4-17 00:00,2010-4-17 00:00,19.1, ,INCHES
TUM,D,82,SNO ADJ,2010-4-18 00:00,2010-4-18 00:00,19.1, ,INCHES
TUM,D,82,SNO ADJ,2010-4-19 00:00,2010-4-19 00:00,18.86, ,INCHES
TUM,D,82,SNO ADJ,2010-4-20 00:00,2010-4-20 00:00,18.26, ,INCHES
TUM,D,82,SNO ADJ,2010-4-21 00:00,2010-4-21 00:00,18.62, ,INCHES
TUM,D,82,SNO ADJ,2010-4-22 00:00,2010-4-22 00:00,19.46, ,INCHES
TUM,D,82,SNO ADJ,2010-4-23 00:00,2010-4-23 00:00,19.94, ,INCHES
TUM,D,82,SNO ADJ,2010-4-24 00:00,2010-4-24 00:00,18.02, ,INCHES
TUM,D,82,SNO ADJ,2010-4-25 00:00,2010-4-25 00:00,18.38, ,INCHES
TUM,D,82,SNO ADJ,2010-4-26 00:00,2010-4-26 00:00,18.86, ,INCHES
TUM,D,82,SNO ADJ,2010-4-27 00:00,2010-4-27 00:00,18.02, ,INCHES
TUM,D,82,SNO ADJ,2010-4-28 00:00,2010-4-28 00:00,17.42, ,INCHES
TUM,D,82,SNO ADJ,2010-4-29 00:00,2010-4-29 00:00,18.26, ,INCHES
TUM,D,82,SNO ADJ,2010-4-30 00:00,2010-4-30 00:00,18.5, ,INCHES
TUM,D,82,SNO ADJ,2010-5-1 00:00,2010-5-1 00:00,17.18, ,INCHES
TUM,D,82,SNO ADJ,2010-5-2 00:00,2010-5-2 00:00,17.18, ,INCHES
TUM,D,82,SNO ADJ,2010-5-3 00:00,2010-5-3 00:00,16.7, ,INCHES
TUM,D,82,SNO ADJ,2010-5-4 00:00,2010-5-4 00:00,16.22, ,INCHES
TUM,D,82,SNO ADJ,2010-5-5 00:00,2010-5-5 00:00,15.62, ,INCHES
TUM,D,82,SNO ADJ,2010-5-6 00:00,2010-5-6 00:00,15.02, ,INCHES
TUM,D,82,SNO ADJ,2010-5-7 00:00,2010-5-7 00:00,14.18, ,INCHES
TUM,D,82,SNO ADJ,2010-5-8 00:00,2010-5-8 00:00,13.22, ,INCHES
TUM,D,82,SNO ADJ,2010-5-9 00:00,2010-5-9 00:00,12.38, ,INCHES
TUM,D,82,SNO ADJ,2010-5-10 00:00,2010-5-10 00:00,11.9, ,INCHES
TUM,D,82,SNO ADJ,2010-5-11 00:00,2010-5-11 00:00,12.26, ,INCHES
TUM,D,82,SNO ADJ,2010-5-12 00:00,2010-5-12 00:00,11.42, ,INCHES
TUM,D,82,SNO ADJ,2010-5-13 00:00,2010-5-13 00:00,11.18, ,INCHES
TUM,D,82,SNO ADJ,2010-5-14 00:00,2010-5-14 00:00,10.58, ,INCHES
TUM,D,82,SNO ADJ,2010-5-15 00:00,2010-5-15 00:00,10.22, ,INCHES
TUM,D,82,SNO ADJ,2010-5-16 00:00,2010-5-16 00:00,9.62, ,INCHES
TUM,D,82,SNO ADJ,2010-5-17 00:00,2010-5-17 00:00,8.78, ,INCHES
TUM,D,82,SNO ADJ,2010-5-18 00:00,2010-5-18 00:00,8.3, ,INCHES
TUM,D,82,SNO ADJ,2010-5-19 00:00,2010-5-19 00:00,7.7, ,INCHES
TUM,D,82,SNO ADJ,2010-5-20 00:00,2010-5-20 00:00,7.22, ,INCHES
TUM,D,82,SNO ADJ,2010-5-21 00:00,2010-5-21 00:00,6.5, ,INCHES
TUM,D,82,SNO ADJ,2010-5-22 00:00,2010-5-22 00:00,5.9, ,INCHES
TUM,D,82,SNO ADJ,2010-5-23 00:00,2010-5-23 00:00,4.58, ,INCHES
TUM,D,82,SNO ADJ,2010-5-24 00:00,2010-5-24 00:00,4.7, ,INCHES
TUM,D,82,SNO ADJ,2010-5-25 00:00,2010-5-25 00:00,4.7, ,INCHES
TUM,D,82,SNO ADJ,2010-5-26 00:00,2010-5-26 00:00,3.74, ,INCHES
TUM,D,82,SNO ADJ,2010-5-27 00:00,2010-5-27 00:00,2.9, ,INCHES
TUM,D,82,SNO ADJ,2010-5-28 00:00,2010-5-28 00:00,2.78, ,INCHES
TUM,D,82,SNO ADJ,2010-5-29 00:00,2010-5-29 00:00,2.66, ,INCHES
TUM,D,82,SNO ADJ,2010-5-30 00:00,2010-5-30 00:00,1.34, ,INCHES
TUM,D,82,SNO ADJ,2010-5-31 00:00,2010-5-31 00:00,0.62, ,INCHES
TUM,D,82,SNO ADJ,2010-6-1 00:00,2010-6-1 00:00,0.38, ,INCHES
TUM,D,82,SNO ADJ,2010-6-2 00:00,2010-6-2 00:00,0.38, ,INCHES
TUM,D,82,SNO ADJ,2010-6-3 00:00,2010-6-3 00:00,0.26, ,INCHES
TUM,D,82,SNO ADJ,2010-6-4 00:00,2010-6-4 00:00,0.14, ,INCHES
TUM,D,82,SNO ADJ,2010-6-5 00:00,2010-6-5 00:00,0.14, ,INCHES
TUM,D,82,SNO ADJ,2010-6-6 00:00,2010-6-6 00:00,0.26, ,INCHES
TUM,D,82,SNO ADJ,2010-6-7 00:00,2010-6-7 00:00,0.14, ,INCHES
TUM,D,82,SNO ADJ,2010-6-8 00:00,2010-6-8 00:00,0.0, ,INCHES
TUM,D,82,SNO ADJ,2010-6-9 00:00,2010-6-9 00:00,0.0,r,INCHES
TUM,D,82,SNO ADJ,2010-6-10 00:00,2010-6-10 00:00,0.0,r,INCHES
TUM,D,82,SNO ADJ,2010-6-11 00:00,2010-6-11 00:00,0.0,r,INCHES
TUM,D,82,SNO ADJ,2010-6-12 00:00,2010-6-12 00:00,0.0,r,INCHES
TUM,D,82,SNO ADJ,2010-6-13 00:00,2010-6-13 00:00,0.0,r,INCHES
TUM,D,82,SNO ADJ,2010-6-14 00:00,2010-6-14 00:00,0.0,r,INCHES
TUM,D,82,SNO ADJ,2010-6-15 00:00,2010-6-15 00:00,0.0,r,INCHES
TUM,D,82,SNO ADJ,2010-6-16 00:00,2010-6-16 00:00,0.0,r,INCHES
TUM,D,82,SNO ADJ,2010-6-17 00:00,2010-6-17 00:00,0.0,r,INCHES
TUM,D,82,SNO ADJ,2010-6-18 00:00,2010-6-18 00:00,0.0,r,INCHES
TUM,D,82,SNO ADJ,2010-6-19 00:00,2010-6-19 00:00,0.0,r,INCHES
TUM,D,82,SNO ADJ,2010-6-20 00:00,2010-6-20 00:00,0.0,r,INCHES
TUM,D,82,SNO ADJ,2010-6-21 00:00,2010-6-21 00:00,0.0,r,INCHES
TUM,D,82,SNO ADJ,2010-6-22 00:00,2010-6-22 00:00,0.0,r,INCHES
TUM,D,82,SNO ADJ,2010-6-23 00:00,2010-6-23 00:00,0.0,r,INCHES
TUM,D,82,SNO ADJ,2010-6-24 00:00,2010-6-24 00:00,0.0,r,INCHES
TUM,D,82,SNO ADJ,2010-6-25 00:00,2010-6-25 00:00,0.0,r,INCHES
TUM,D,82,SNO ADJ,2010-6-26 00:00,2010-6-26 00:00,0.0,r,INCHES
TUM,D,82,SNO ADJ,2010-6-27 00:00,2010-6-27 00:00,0.0,r,INCHES
TUM,D,82,SNO ADJ,2010-6-28 00:00,2010-6-28 00:00,0.0,r,INCHES
TUM,D,82,SNO ADJ,2010-6-29 00:00,2010-6-29 00:00,0.0,r,INCHES
TUM,D,82,SNO ADJ,2010-6-30 00:00,2010-6-30 00:00,0.0,r,INCHES
TUM,D,82,SNO ADJ,2010-7-1 00:00,2010-7-1 00:00,0.0,r,INCHES
TUM,D,82,SNO ADJ,2010-7-2 00:00,2010-7-2 00:00,0.0,r,INCHES
TUM,D,82,SNO ADJ,2010-7-3 00:00,2010-7-3 00:00,0.0,r,INCHES
TUM,D,82,SNO ADJ,2010-7-4 00:00,2010-7-4 00:00,0.0,r,INCHES
TUM,D,82,SNO ADJ,2010-7-5 00:00,2010-7-5 00:00,0.0,r,INCHES
TUM,D,82,SNO ADJ,2010-7-6 00:00,2010-7-6 00:00,0.0,r,INCHES
TUM,D,82,SNO ADJ,2010-7-7 00:00,2010-7-7 00:00,0.0,r,INCHES
TUM,D,82,SNO ADJ,2010-7-8 00:00,2010-7-8 00:00,0.0,r,INCHES
TUM,D,82,SNO ADJ,2010-7-9 00:00,2010-7-9 00:00,0.0,r,INCHES
TUM,D,82,SNO ADJ,2010-7-10 00:00,2010-7-10 00:00,0.0,r,INCHES
TUM,D,82,SNO ADJ,2010-7-11 00:00,2010-7-11 00:00,0.0,r,INCHES
TUM,D,82,SNO ADJ,2010-7-12 00:00,2010-7-12 00:00,0.0,r,INCHES
TUM,D,82,SNO ADJ,2010-7-13 00:00,2010-7-13 00:00,0.0,r,INCHES
TUM,D,82,SNO ADJ,2010-7-14 00:00,2010-7-14 00:00,0.0,r,INCHES
TUM,D,82,SNO ADJ,2010-7-15 00:00,2010-7-15 00:00,0.0,r,INCHES
TUM,D,82,SNO ADJ,2010-7-16 00:00,2010-7-16 00:00,0.0,r,INCHES
TUM,D,82,SNO ADJ,2010-7-17 00:00,2010-7-17 00:00,0.0,r,INCHES
TUM,D,82,SNO ADJ,2010-7-18 00:00,2010-7-18 00:00,0.0,r,INCHES
TUM,D,82,SNO ADJ,2010-7-19 00:00,2010-7-19 00:00,0.0,r,INCHES
TUM,D,82,SNO ADJ,2010-7-20 00:00,2010-7-20 00:00,0.0,r,INCHES
TUM,D,82,SNO ADJ,2010-7-21 00:00,2010-7-21 00:00,0.0,r,INCHES
